Board 6	2018-06-14 16:55:27

Channel 1
DAC		Mean		Sigma		Min		Max
0	 1.693268e-05	4.280750e-08	 1.684208e-05	 1.697760e-05
25	 9.461570e-06	2.167625e-08	 9.420634e-06	 9.493994e-06
50	 1.673769e-06	1.515424e-08	 1.647415e-06	 1.695324e-06
75	-6.184231e-06	3.143125e-08	-6.234435e-06	-6.140481e-06
100	-1.368632e-05	2.480322e-08	-1.371693e-05	-1.364194e-05
200	-4.477625e-05	2.114797e-08	-4.480809e-05	-4.472567e-05
300	-7.587668e-05	2.651182e-08	-7.592606e-05	-7.582717e-05
400	-1.070251e-04	2.005146e-08	-1.070777e-04	-1.069980e-04
500	-1.382933e-04	2.256796e-08	-1.383226e-04	-1.382293e-04
600	-1.691322e-04	2.131802e-08	-1.691803e-04	-1.691001e-04
700	-2.002089e-04	1.813174e-08	-2.002396e-04	-2.001656e-04
800	-2.312278e-04	9.590525e-08	-2.312978e-04	-2.308769e-04
900	-2.624259e-04	3.193468e-08	-2.625359e-04	-2.624003e-04
1000	-2.937228e-04	1.136173e-07	-2.941430e-04	-2.936526e-04
4000	-1.226102e-03	3.632593e-08	-1.226190e-03	-1.226017e-03
7000	-2.158647e-03	2.537716e-08	-2.158677e-03	-2.158586e-03
10000	-3.090356e-03	1.968372e-08	-3.090389e-03	-3.090318e-03
13000	-4.022178e-03	2.584432e-08	-4.022211e-03	-4.022107e-03
16000	-4.954319e-03	2.193283e-08	-4.954357e-03	-4.954280e-03
19000	-5.885949e-03	1.848555e-08	-5.885980e-03	-5.885920e-03
22000	-6.817904e-03	2.857458e-08	-6.817954e-03	-6.817862e-03
25000	-7.749163e-03	2.295464e-08	-7.749211e-03	-7.749107e-03
28000	-8.680020e-03	2.997970e-08	-8.680084e-03	-8.679972e-03
31000	-9.611529e-03	3.235388e-08	-9.611593e-03	-9.611483e-03
34000	-1.054282e-02	4.030991e-08	-1.054288e-02	-1.054275e-02
37000	-1.147447e-02	6.384008e-08	-1.147460e-02	-1.147437e-02
40000	-1.240544e-02	6.068498e-08	-1.240557e-02	-1.240536e-02


Channel 2
DAC		Mean		Sigma		Min		Max
0	 1.260009e-05	4.467712e-08	 1.252427e-05	 1.266665e-05
25	 4.870534e-06	1.626164e-08	 4.833845e-06	 4.896457e-06
50	-3.032694e-06	2.147070e-08	-3.072537e-06	-2.995687e-06
75	-1.052735e-05	2.254528e-08	-1.056410e-05	-1.047864e-05
100	-1.841323e-05	1.659329e-08	-1.844017e-05	-1.838445e-05
200	-4.944058e-05	2.167830e-08	-4.947340e-05	-4.940257e-05
300	-8.016959e-05	1.949449e-08	-8.020380e-05	-8.012405e-05
400	-1.112178e-04	1.648950e-08	-1.112503e-04	-1.111905e-04
500	-1.424765e-04	1.618554e-08	-1.424996e-04	-1.424490e-04
600	-1.735185e-04	2.409555e-08	-1.735672e-04	-1.734528e-04
700	-2.045633e-04	9.568779e-08	-2.046388e-04	-2.042151e-04
800	-2.352254e-04	1.143790e-07	-2.356483e-04	-2.351625e-04
900	-2.663544e-04	1.110512e-07	-2.667625e-04	-2.662904e-04
1000	-2.975570e-04	1.114840e-07	-2.979636e-04	-2.974868e-04
4000	-1.229085e-03	1.204269e-07	-1.229530e-03	-1.229027e-03
7000	-2.160558e-03	2.540569e-08	-2.160585e-03	-2.160507e-03
10000	-3.092327e-03	1.617488e-08	-3.092355e-03	-3.092301e-03
13000	-4.023940e-03	2.236863e-08	-4.023976e-03	-4.023886e-03
16000	-4.955161e-03	3.108054e-08	-4.955216e-03	-4.955110e-03
19000	-5.886953e-03	1.284368e-08	-5.886974e-03	-5.886929e-03
22000	-6.818878e-03	2.515764e-08	-6.818941e-03	-6.818849e-03
25000	-7.751385e-03	2.009267e-08	-7.751412e-03	-7.751341e-03
28000	-8.683422e-03	4.431353e-08	-8.683519e-03	-8.683358e-03
31000	-9.615160e-03	5.138413e-08	-9.615230e-03	-9.615079e-03
34000	-1.054685e-02	5.540156e-08	-1.054698e-02	-1.054678e-02
37000	-1.147941e-02	7.261466e-08	-1.147960e-02	-1.147932e-02
40000	-1.241148e-02	9.937583e-08	-1.241173e-02	-1.241138e-02


Channel 3
DAC		Mean		Sigma		Min		Max
0	 1.345475e-05	4.627066e-08	 1.337134e-05	 1.352662e-05
25	 5.923772e-06	2.047366e-08	 5.899191e-06	 5.964034e-06
50	-1.959358e-06	1.997478e-08	-1.988243e-06	-1.905011e-06
75	-9.890443e-06	1.503993e-08	-9.920996e-06	-9.862903e-06
100	-1.775828e-05	1.862341e-08	-1.779467e-05	-1.772890e-05
200	-4.839728e-05	1.801005e-08	-4.842100e-05	-4.836015e-05
300	-7.948665e-05	1.987977e-08	-7.953648e-05	-7.944780e-05
400	-1.107326e-04	2.155691e-08	-1.107694e-04	-1.106987e-04
500	-1.417823e-04	2.078947e-08	-1.418267e-04	-1.417506e-04
600	-1.731559e-04	2.428892e-08	-1.732013e-04	-1.730967e-04
700	-2.039071e-04	6.089723e-08	-2.039464e-04	-2.036859e-04
800	-2.348709e-04	8.275639e-08	-2.349235e-04	-2.345756e-04
900	-2.661920e-04	8.759713e-08	-2.665068e-04	-2.661134e-04
1000	-2.973176e-04	8.923188e-08	-2.976329e-04	-2.972468e-04
4000	-1.229922e-03	9.395616e-08	-1.230265e-03	-1.229867e-03
7000	-2.161932e-03	3.979559e-08	-2.161974e-03	-2.161859e-03
10000	-3.094191e-03	3.137487e-08	-3.094236e-03	-3.094106e-03
13000	-4.026302e-03	3.041973e-08	-4.026335e-03	-4.026237e-03
16000	-4.958902e-03	2.875057e-08	-4.958942e-03	-4.958842e-03
19000	-5.890993e-03	2.645214e-08	-5.891039e-03	-5.890948e-03
22000	-6.822832e-03	1.806827e-08	-6.822859e-03	-6.822789e-03
25000	-7.754779e-03	2.208911e-08	-7.754819e-03	-7.754738e-03
28000	-8.686412e-03	2.417400e-08	-8.686448e-03	-8.686356e-03
31000	-9.618424e-03	1.969929e-08	-9.618460e-03	-9.618387e-03
34000	-1.055053e-02	1.641138e-08	-1.055056e-02	-1.055051e-02
37000	-1.148273e-02	2.940899e-08	-1.148278e-02	-1.148268e-02
40000	-1.241461e-02	1.586050e-08	-1.241464e-02	-1.241457e-02


Channel 4
DAC		Mean		Sigma		Min		Max
0	 1.471783e-05	3.108414e-08	 1.464898e-05	 1.476135e-05
25	 6.955466e-06	2.570358e-08	 6.916523e-06	 7.029128e-06
50	-6.070497e-07	1.520851e-08	-6.474615e-07	-5.880353e-07
75	-8.329604e-06	2.381602e-08	-8.370414e-06	-8.291163e-06
100	-1.622109e-05	1.919339e-08	-1.625490e-05	-1.618833e-05
200	-4.719949e-05	2.178559e-08	-4.724380e-05	-4.716081e-05
300	-7.789620e-05	2.235925e-08	-7.793058e-05	-7.786156e-05
400	-1.091721e-04	1.955928e-08	-1.092105e-04	-1.091384e-04
500	-1.402919e-04	1.758437e-08	-1.403252e-04	-1.402528e-04
600	-1.713910e-04	2.688604e-08	-1.714467e-04	-1.713462e-04
700	-2.020337e-04	4.094210e-08	-2.020714e-04	-2.019150e-04
800	-2.330898e-04	1.069418e-07	-2.334852e-04	-2.330387e-04
900	-2.643758e-04	8.604591e-08	-2.646908e-04	-2.643319e-04
1000	-2.955124e-04	9.342812e-08	-2.958509e-04	-2.954439e-04
4000	-1.226917e-03	6.887264e-08	-1.227153e-03	-1.226858e-03
7000	-2.158377e-03	3.068087e-08	-2.158422e-03	-2.158322e-03
10000	-3.090534e-03	1.770047e-08	-3.090567e-03	-3.090499e-03
13000	-4.022444e-03	1.887314e-08	-4.022476e-03	-4.022398e-03
16000	-4.953883e-03	2.305838e-08	-4.953923e-03	-4.953833e-03
19000	-5.885774e-03	2.387802e-08	-5.885832e-03	-5.885738e-03
22000	-6.818205e-03	2.219850e-08	-6.818237e-03	-6.818167e-03
25000	-7.750851e-03	2.893088e-08	-7.750913e-03	-7.750810e-03
28000	-8.683219e-03	2.846753e-08	-8.683291e-03	-8.683167e-03
31000	-9.615452e-03	4.858322e-08	-9.615568e-03	-9.615374e-03
34000	-1.054702e-02	4.909854e-08	-1.054714e-02	-1.054696e-02
37000	-1.147933e-02	8.170407e-08	-1.147951e-02	-1.147925e-02
40000	-1.241205e-02	9.348559e-08	-1.241226e-02	-1.241196e-02


Channel 5
DAC		Mean		Sigma		Min		Max
0	 1.162887e-05	2.573865e-08	 1.158042e-05	 1.167835e-05
25	 3.791464e-06	2.788806e-08	 3.739095e-06	 3.839467e-06
50	-3.697180e-06	2.777095e-08	-3.743646e-06	-3.650990e-06
75	-1.158307e-05	2.375843e-08	-1.163175e-05	-1.152285e-05
100	-1.932576e-05	2.116147e-08	-1.936632e-05	-1.928126e-05
200	-4.999211e-05	1.734004e-08	-5.001439e-05	-4.995921e-05
300	-8.096428e-05	1.907140e-08	-8.099024e-05	-8.092714e-05
400	-1.122286e-04	1.976007e-08	-1.122601e-04	-1.121862e-04
500	-1.434911e-04	1.844297e-08	-1.435324e-04	-1.434567e-04
600	-1.746779e-04	1.391378e-08	-1.747075e-04	-1.746573e-04
700	-2.052987e-04	2.460170e-08	-2.053423e-04	-2.052663e-04
800	-2.362779e-04	8.201728e-08	-2.365793e-04	-2.362395e-04
900	-2.675564e-04	7.682040e-08	-2.678350e-04	-2.675063e-04
1000	-2.987649e-04	1.086605e-07	-2.991630e-04	-2.987000e-04
4000	-1.231136e-03	1.972207e-08	-1.231166e-03	-1.231098e-03
7000	-2.163287e-03	2.422579e-08	-2.163329e-03	-2.163244e-03
10000	-3.095871e-03	1.495267e-08	-3.095900e-03	-3.095849e-03
13000	-4.028540e-03	1.577678e-08	-4.028559e-03	-4.028504e-03
16000	-4.960568e-03	2.425476e-08	-4.960631e-03	-4.960527e-03
19000	-5.891981e-03	1.233892e-08	-5.892005e-03	-5.891960e-03
22000	-6.824099e-03	2.430327e-08	-6.824140e-03	-6.824063e-03
25000	-7.755868e-03	3.514440e-08	-7.755922e-03	-7.755803e-03
28000	-8.687427e-03	2.231253e-08	-8.687474e-03	-8.687391e-03
31000	-9.619123e-03	5.471461e-08	-9.619234e-03	-9.619057e-03
34000	-1.054987e-02	7.307226e-08	-1.055003e-02	-1.054979e-02
37000	-1.148132e-02	8.098285e-08	-1.148151e-02	-1.148125e-02
40000	-1.241294e-02	9.257790e-08	-1.241317e-02	-1.241284e-02


Channel 6
DAC		Mean		Sigma		Min		Max
0	 1.537052e-05	3.146691e-08	 1.530399e-05	 1.542820e-05
25	 7.630097e-06	1.979415e-08	 7.589038e-06	 7.670532e-06
50	 1.098683e-07	1.106133e-08	 9.764274e-08	 1.365253e-07
75	-7.763038e-06	1.348390e-08	-7.782181e-06	-7.741906e-06
100	-1.571347e-05	1.881449e-08	-1.574728e-05	-1.566978e-05
200	-4.687346e-05	2.837052e-08	-4.691476e-05	-4.680958e-05
300	-7.747327e-05	2.702579e-08	-7.752876e-05	-7.742236e-05
400	-1.085785e-04	2.050557e-08	-1.086079e-04	-1.085299e-04
500	-1.397406e-04	1.876626e-08	-1.397904e-04	-1.397192e-04
600	-1.709210e-04	1.835724e-08	-1.709502e-04	-1.708922e-04
700	-2.022306e-04	9.210553e-08	-2.025669e-04	-2.021640e-04
800	-2.328615e-04	5.950387e-08	-2.330709e-04	-2.328005e-04
900	-2.639457e-04	9.054142e-08	-2.642709e-04	-2.638568e-04
1000	-2.952035e-04	1.068073e-07	-2.955861e-04	-2.951031e-04
4000	-1.227655e-03	5.429041e-08	-1.227814e-03	-1.227580e-03
7000	-2.160227e-03	4.099756e-08	-2.160291e-03	-2.160140e-03
10000	-3.092498e-03	3.412422e-08	-3.092540e-03	-3.092431e-03
13000	-4.025097e-03	4.345184e-08	-4.025158e-03	-4.025017e-03
16000	-4.957213e-03	2.383890e-08	-4.957267e-03	-4.957160e-03
19000	-5.889421e-03	3.952631e-08	-5.889505e-03	-5.889348e-03
22000	-6.822372e-03	1.674435e-08	-6.822396e-03	-6.822344e-03
25000	-7.754750e-03	1.898491e-08	-7.754791e-03	-7.754720e-03
28000	-8.687002e-03	1.375241e-08	-8.687028e-03	-8.686982e-03
31000	-9.619530e-03	2.933818e-08	-9.619593e-03	-9.619481e-03
34000	-1.055163e-02	2.940899e-08	-1.055172e-02	-1.055160e-02
37000	-1.148450e-02	2.276449e-08	-1.148455e-02	-1.148447e-02
40000	-1.241732e-02	4.379751e-08	-1.241742e-02	-1.241724e-02


Channel 7
DAC		Mean		Sigma		Min		Max
0	 1.826879e-05	3.396135e-08	 1.820373e-05	 1.831602e-05
25	 1.044634e-05	1.814411e-08	 1.042211e-05	 1.047702e-05
50	 2.943500e-06	3.470349e-08	 2.882604e-06	 2.998888e-06
75	-4.895904e-06	1.441626e-08	-4.922092e-06	-4.865937e-06
100	-1.285292e-05	1.741454e-08	-1.287736e-05	-1.282203e-05
200	-4.397556e-05	1.923987e-08	-4.400815e-05	-4.393384e-05
300	-7.469074e-05	1.971985e-08	-7.471572e-05	-7.465276e-05
400	-1.059834e-04	1.203627e-08	-1.060036e-04	-1.059621e-04
500	-1.369467e-04	1.972723e-08	-1.369805e-04	-1.369008e-04
600	-1.680974e-04	1.145361e-08	-1.681228e-04	-1.680786e-04
700	-1.993458e-04	1.619862e-08	-1.993718e-04	-1.993163e-04
800	-2.300176e-04	1.078801e-07	-2.300856e-04	-2.296178e-04
900	-2.612863e-04	6.112629e-08	-2.615044e-04	-2.612290e-04
1000	-2.924352e-04	9.359862e-08	-2.927778e-04	-2.923605e-04
4000	-1.225633e-03	5.695948e-08	-1.225833e-03	-1.225571e-03
7000	-2.158476e-03	2.083480e-08	-2.158528e-03	-2.158425e-03
10000	-3.091084e-03	2.908348e-08	-3.091124e-03	-3.091021e-03
13000	-4.023714e-03	1.753270e-08	-4.023742e-03	-4.023670e-03
16000	-4.956211e-03	3.030556e-08	-4.956253e-03	-4.956153e-03
19000	-5.887836e-03	1.371844e-08	-5.887859e-03	-5.887802e-03
22000	-6.819779e-03	2.117504e-08	-6.819802e-03	-6.819744e-03
25000	-7.751918e-03	2.210842e-08	-7.751961e-03	-7.751879e-03
28000	-8.683921e-03	2.397184e-08	-8.683955e-03	-8.683882e-03
31000	-9.616159e-03	1.712256e-08	-9.616197e-03	-9.616130e-03
34000	-1.054730e-02	1.203698e-08	-1.054732e-02	-1.054727e-02
37000	-1.147895e-02	1.691810e-08	-1.147899e-02	-1.147893e-02
40000	-1.241094e-02	4.096611e-08	-1.241102e-02	-1.241089e-02


Channel 8
DAC		Mean		Sigma		Min		Max
0	 1.550625e-05	4.218639e-08	 1.544173e-05	 1.558046e-05
25	 7.779339e-06	2.774021e-08	 7.743820e-06	 7.834395e-06
50	-1.119358e-07	2.667025e-08	-1.573812e-07	-5.877705e-08
75	-7.616369e-06	2.338532e-08	-7.659696e-06	-7.577769e-06
100	-1.542772e-05	1.440468e-08	-1.545619e-05	-1.539880e-05
200	-4.654111e-05	1.854739e-08	-4.657076e-05	-4.650376e-05
300	-7.755069e-05	2.046848e-08	-7.757965e-05	-7.751281e-05
400	-1.083909e-04	2.151207e-08	-1.084370e-04	-1.083538e-04
500	-1.395808e-04	2.441367e-08	-1.396309e-04	-1.395423e-04
600	-1.706565e-04	2.154623e-08	-1.706867e-04	-1.706186e-04
700	-2.017677e-04	9.015964e-08	-2.018212e-04	-2.014341e-04
800	-2.324733e-04	8.358597e-08	-2.327774e-04	-2.324121e-04
900	-2.635984e-04	5.829788e-08	-2.638001e-04	-2.635444e-04
1000	-2.948722e-04	1.074420e-07	-2.952642e-04	-2.947859e-04
4000	-1.226475e-03	1.178004e-07	-1.226911e-03	-1.226421e-03
7000	-2.158306e-03	2.304431e-08	-2.158348e-03	-2.158277e-03
10000	-3.090110e-03	2.499547e-08	-3.090144e-03	-3.090053e-03
13000	-4.022530e-03	1.225108e-08	-4.022568e-03	-4.022515e-03
16000	-4.954378e-03	2.346856e-08	-4.954413e-03	-4.954341e-03
19000	-5.886113e-03	3.529016e-08	-5.886187e-03	-5.886053e-03
22000	-6.818282e-03	1.779088e-08	-6.818317e-03	-6.818242e-03
25000	-7.750219e-03	1.641869e-08	-7.750266e-03	-7.750201e-03
28000	-8.682426e-03	1.699595e-08	-8.682466e-03	-8.682406e-03
31000	-9.614653e-03	1.689129e-08	-9.614684e-03	-9.614623e-03
34000	-1.054629e-02	3.492214e-08	-1.054637e-02	-1.054623e-02
37000	-1.147867e-02	4.434210e-08	-1.147875e-02	-1.147860e-02
40000	-1.241125e-02	5.221324e-08	-1.241137e-02	-1.241120e-02


Channel 9
DAC		Mean		Sigma		Min		Max
0	 1.622854e-05	3.393761e-08	 1.618121e-05	 1.630459e-05
25	 8.429870e-06	2.693405e-08	 8.390359e-06	 8.480521e-06
50	 5.717965e-07	2.547634e-08	 5.272202e-07	 6.181596e-07
75	-6.901384e-06	2.872891e-08	-6.965586e-06	-6.866095e-06
100	-1.477970e-05	1.747739e-08	-1.481983e-05	-1.474548e-05
200	-4.587496e-05	1.552138e-08	-4.590361e-05	-4.585433e-05
300	-7.698385e-05	2.552820e-08	-7.702378e-05	-7.692511e-05
400	-1.079300e-04	2.778872e-08	-1.079723e-04	-1.078888e-04
500	-1.388389e-04	2.223717e-08	-1.388731e-04	-1.388077e-04
600	-1.699553e-04	2.593511e-08	-1.700014e-04	-1.699096e-04
700	-2.010569e-04	1.065369e-07	-2.014520e-04	-2.009872e-04
800	-2.320439e-04	8.235340e-08	-2.323417e-04	-2.319911e-04
900	-2.629391e-04	1.255927e-07	-2.633992e-04	-2.628679e-04
1000	-2.940836e-04	8.059466e-08	-2.943561e-04	-2.940039e-04
4000	-1.226145e-03	1.401747e-07	-1.226664e-03	-1.226080e-03
7000	-2.157828e-03	1.971689e-08	-2.157852e-03	-2.157787e-03
10000	-3.089231e-03	2.900391e-08	-3.089282e-03	-3.089180e-03
13000	-4.021417e-03	1.891548e-08	-4.021450e-03	-4.021385e-03
16000	-4.953123e-03	2.307283e-08	-4.953171e-03	-4.953083e-03
19000	-5.884288e-03	3.114668e-08	-5.884355e-03	-5.884226e-03
22000	-6.816519e-03	2.501591e-08	-6.816562e-03	-6.816480e-03
25000	-7.747812e-03	1.498088e-08	-7.747836e-03	-7.747779e-03
28000	-8.678792e-03	2.392340e-08	-8.678836e-03	-8.678750e-03
31000	-9.610245e-03	2.925930e-08	-9.610299e-03	-9.610193e-03
34000	-1.054095e-02	4.642796e-08	-1.054106e-02	-1.054089e-02
37000	-1.147214e-02	6.027345e-08	-1.147228e-02	-1.147206e-02
40000	-1.240293e-02	6.506066e-08	-1.240311e-02	-1.240286e-02


Channel 10
DAC		Mean		Sigma		Min		Max
0	 1.219302e-05	3.557590e-08	 1.213315e-05	 1.228168e-05
25	 4.694995e-06	1.585919e-08	 4.668093e-06	 4.717900e-06
50	-3.125871e-06	1.621903e-08	-3.150726e-06	-3.093101e-06
75	-1.100852e-05	1.444575e-08	-1.103370e-05	-1.097385e-05
100	-1.856203e-05	2.226477e-08	-1.860107e-05	-1.852852e-05
200	-4.961549e-05	2.051277e-08	-4.966814e-05	-4.957386e-05
300	-8.062959e-05	2.197428e-08	-8.066260e-05	-8.059393e-05
400	-1.118725e-04	3.143277e-08	-1.119176e-04	-1.117914e-04
500	-1.426727e-04	2.366708e-08	-1.427093e-04	-1.426099e-04
600	-1.738235e-04	1.486520e-08	-1.738597e-04	-1.737946e-04
700	-2.049024e-04	9.820370e-08	-2.049678e-04	-2.045486e-04
800	-2.358954e-04	9.678687e-08	-2.359473e-04	-2.355396e-04
900	-2.668069e-04	6.823326e-08	-2.670483e-04	-2.667280e-04
1000	-2.979768e-04	6.117377e-08	-2.981854e-04	-2.979051e-04
4000	-1.230172e-03	1.052397e-07	-1.230556e-03	-1.230076e-03
7000	-2.161844e-03	4.122976e-08	-2.161908e-03	-2.161761e-03
10000	-3.093420e-03	3.771260e-08	-3.093480e-03	-3.093366e-03
13000	-4.025572e-03	2.359623e-08	-4.025612e-03	-4.025520e-03
16000	-4.957295e-03	2.856494e-08	-4.957350e-03	-4.957243e-03
19000	-5.889624e-03	1.753802e-08	-5.889658e-03	-5.889593e-03
22000	-6.822560e-03	1.831939e-08	-6.822590e-03	-6.822508e-03
25000	-7.754460e-03	2.780040e-08	-7.754495e-03	-7.754395e-03
28000	-8.687006e-03	2.572124e-08	-8.687036e-03	-8.686948e-03
31000	-9.619866e-03	3.448671e-08	-9.619910e-03	-9.619801e-03
34000	-1.055143e-02	4.242641e-08	-1.055153e-02	-1.055138e-02
37000	-1.148397e-02	5.097276e-08	-1.148409e-02	-1.148390e-02
40000	-1.241641e-02	4.745056e-08	-1.241650e-02	-1.241635e-02


Channel 11
DAC		Mean		Sigma		Min		Max
0	 1.081591e-05	2.551431e-08	 1.075894e-05	 1.086070e-05
25	 3.346598e-06	1.221693e-08	 3.326428e-06	 3.371918e-06
50	-4.407556e-06	2.205240e-08	-4.449909e-06	-4.361293e-06
75	-1.222305e-05	1.978181e-08	-1.225774e-05	-1.218449e-05
100	-1.992277e-05	2.230288e-08	-1.995696e-05	-1.989294e-05
200	-5.097551e-05	2.302625e-08	-5.100882e-05	-5.092650e-05
300	-8.193271e-05	2.034010e-08	-8.196420e-05	-8.190032e-05
400	-1.130511e-04	1.394606e-08	-1.130728e-04	-1.130115e-04
500	-1.441469e-04	2.290035e-08	-1.441842e-04	-1.441125e-04
600	-1.749769e-04	2.139444e-08	-1.750282e-04	-1.749400e-04
700	-2.060562e-04	1.010505e-07	-2.061181e-04	-2.056869e-04
800	-2.371092e-04	1.046480e-07	-2.374921e-04	-2.370430e-04
900	-2.681610e-04	1.119117e-07	-2.682308e-04	-2.677499e-04
1000	-2.990394e-04	9.863997e-08	-2.991037e-04	-2.986755e-04
4000	-1.231712e-03	1.051963e-07	-1.232100e-03	-1.231648e-03
7000	-2.163970e-03	1.406872e-08	-2.164000e-03	-2.163949e-03
10000	-3.096124e-03	2.825990e-08	-3.096168e-03	-3.096072e-03
13000	-4.028090e-03	1.504571e-08	-4.028113e-03	-4.028055e-03
16000	-4.960141e-03	1.562420e-08	-4.960165e-03	-4.960114e-03
19000	-5.891667e-03	1.527874e-08	-5.891697e-03	-5.891646e-03
22000	-6.823780e-03	2.227066e-08	-6.823810e-03	-6.823733e-03
25000	-7.755579e-03	3.609223e-08	-7.755649e-03	-7.755523e-03
28000	-8.687173e-03	3.597938e-08	-8.687239e-03	-8.687114e-03
31000	-9.619161e-03	4.662741e-08	-9.619281e-03	-9.619105e-03
34000	-1.055021e-02	4.286413e-08	-1.055029e-02	-1.055013e-02
37000	-1.148200e-02	7.605846e-08	-1.148216e-02	-1.148190e-02
40000	-1.241330e-02	8.211104e-08	-1.241351e-02	-1.241323e-02


Channel 12
DAC		Mean		Sigma		Min		Max
0	 1.464084e-05	3.390406e-08	 1.455894e-05	 1.468017e-05
25	 6.809145e-06	1.667754e-08	 6.777715e-06	 6.846503e-06
50	-6.451067e-07	2.065128e-08	-6.946145e-07	-6.191327e-07
75	-8.443776e-06	2.697835e-08	-8.486110e-06	-8.397021e-06
100	-1.631398e-05	2.120585e-08	-1.634361e-05	-1.625932e-05
200	-4.732765e-05	1.616110e-08	-4.734646e-05	-4.729382e-05
300	-7.813308e-05	2.289355e-08	-7.816735e-05	-7.808182e-05
400	-1.092802e-04	1.501931e-08	-1.093093e-04	-1.092391e-04
500	-1.403804e-04	1.886388e-08	-1.404139e-04	-1.403498e-04
600	-1.715680e-04	3.401615e-08	-1.716269e-04	-1.715231e-04
700	-2.022594e-04	6.119112e-08	-2.024744e-04	-2.022006e-04
800	-2.334270e-04	5.462565e-08	-2.336238e-04	-2.333898e-04
900	-2.645841e-04	1.173828e-07	-2.650128e-04	-2.645203e-04
1000	-2.956574e-04	9.392188e-08	-2.960024e-04	-2.956102e-04
4000	-1.227585e-03	1.270653e-07	-1.228053e-03	-1.227508e-03
7000	-2.159357e-03	2.070899e-08	-2.159392e-03	-2.159318e-03
10000	-3.091104e-03	1.957368e-08	-3.091139e-03	-3.091073e-03
13000	-4.023237e-03	2.046352e-08	-4.023268e-03	-4.023192e-03
16000	-4.955047e-03	1.334266e-08	-4.955072e-03	-4.955026e-03
19000	-5.886988e-03	1.406272e-08	-5.887012e-03	-5.886951e-03
22000	-6.819325e-03	2.129225e-08	-6.819369e-03	-6.819287e-03
25000	-7.751096e-03	2.065849e-08	-7.751140e-03	-7.751068e-03
28000	-8.683372e-03	4.401949e-08	-8.683472e-03	-8.683315e-03
31000	-9.615733e-03	5.499778e-08	-9.615829e-03	-9.615661e-03
34000	-1.054767e-02	7.341208e-08	-1.054783e-02	-1.054758e-02
37000	-1.148046e-02	1.069704e-07	-1.148072e-02	-1.148034e-02
40000	-1.241308e-02	1.254432e-07	-1.241337e-02	-1.241294e-02


Channel 13
DAC		Mean		Sigma		Min		Max
0	 1.373760e-05	2.930993e-08	 1.368347e-05	 1.377707e-05
25	 6.254222e-06	2.176357e-08	 6.210936e-06	 6.287238e-06
50	-1.522373e-06	1.912117e-08	-1.571079e-06	-1.493354e-06
75	-9.534384e-06	1.741724e-08	-9.562313e-06	-9.503767e-06
100	-1.735200e-05	1.786238e-08	-1.738902e-05	-1.731101e-05
200	-4.815280e-05	1.799351e-08	-4.818741e-05	-4.812492e-05
300	-7.928008e-05	2.214823e-08	-7.931994e-05	-7.923787e-05
400	-1.104499e-04	1.919030e-08	-1.104819e-04	-1.104059e-04
500	-1.417166e-04	1.372405e-08	-1.417428e-04	-1.416837e-04
600	-1.728321e-04	1.346811e-08	-1.728649e-04	-1.728086e-04
700	-2.036601e-04	9.019733e-08	-2.039925e-04	-2.036103e-04
800	-2.347824e-04	7.659090e-08	-2.350611e-04	-2.347218e-04
900	-2.658628e-04	1.050027e-07	-2.662477e-04	-2.657963e-04
1000	-2.970934e-04	8.778935e-08	-2.974159e-04	-2.970333e-04
4000	-1.229582e-03	1.182578e-07	-1.230017e-03	-1.229503e-03
7000	-2.162054e-03	2.258456e-08	-2.162090e-03	-2.161997e-03
10000	-3.094751e-03	2.340560e-08	-3.094791e-03	-3.094697e-03
13000	-4.027236e-03	1.840966e-08	-4.027271e-03	-4.027191e-03
16000	-4.959804e-03	1.363557e-08	-4.959830e-03	-4.959780e-03
19000	-5.891652e-03	1.299675e-08	-5.891671e-03	-5.891625e-03
22000	-6.823625e-03	1.892512e-08	-6.823664e-03	-6.823584e-03
25000	-7.755781e-03	1.290202e-08	-7.755803e-03	-7.755763e-03
28000	-8.687706e-03	1.825912e-08	-8.687741e-03	-8.687668e-03
31000	-9.619895e-03	1.594351e-08	-9.619936e-03	-9.619864e-03
34000	-1.055187e-02	2.890598e-08	-1.055194e-02	-1.055183e-02
37000	-1.148430e-02	3.124100e-08	-1.148437e-02	-1.148426e-02
40000	-1.241641e-02	4.186752e-08	-1.241651e-02	-1.241637e-02


Channel 14
DAC		Mean		Sigma		Min		Max
0	 1.103663e-05	5.800027e-08	 1.090455e-05	 1.112910e-05
25	 3.243421e-06	3.277275e-08	 3.189105e-06	 3.315947e-06
50	-4.614671e-06	2.346895e-08	-4.646820e-06	-4.565915e-06
75	-1.246051e-05	2.561580e-08	-1.251829e-05	-1.242728e-05
100	-1.992399e-05	3.355095e-08	-1.998326e-05	-1.985194e-05
200	-5.110451e-05	2.656396e-08	-5.115099e-05	-5.106385e-05
300	-8.226740e-05	2.620581e-08	-8.232163e-05	-8.223621e-05
400	-1.133495e-04	3.189031e-08	-1.133905e-04	-1.132983e-04
500	-1.441643e-04	3.527898e-08	-1.442355e-04	-1.441148e-04
600	-1.752554e-04	3.016849e-08	-1.753040e-04	-1.751957e-04
700	-2.063015e-04	1.016145e-07	-2.066664e-04	-2.062282e-04
800	-2.374239e-04	7.399027e-08	-2.376875e-04	-2.373661e-04
900	-2.686032e-04	9.164757e-08	-2.689384e-04	-2.685362e-04
1000	-2.993304e-04	1.058334e-07	-2.997015e-04	-2.992440e-04
4000	-1.231363e-03	1.339058e-07	-1.231855e-03	-1.231291e-03
7000	-2.162916e-03	2.199030e-08	-2.162966e-03	-2.162883e-03
10000	-3.094865e-03	2.370504e-08	-3.094906e-03	-3.094816e-03
13000	-4.026442e-03	4.257730e-08	-4.026519e-03	-4.026379e-03
16000	-4.957792e-03	3.295829e-08	-4.957878e-03	-4.957755e-03
19000	-5.890007e-03	2.350451e-08	-5.890056e-03	-5.889968e-03
22000	-6.822207e-03	2.945052e-08	-6.822280e-03	-6.822168e-03
25000	-7.754484e-03	3.086285e-08	-7.754553e-03	-7.754451e-03
28000	-8.686457e-03	3.918299e-08	-8.686557e-03	-8.686408e-03
31000	-9.618799e-03	3.644881e-08	-9.618855e-03	-9.618741e-03
34000	-1.055022e-02	6.707873e-08	-1.055035e-02	-1.055011e-02
37000	-1.148230e-02	8.582670e-08	-1.148251e-02	-1.148222e-02
40000	-1.241432e-02	8.084553e-08	-1.241450e-02	-1.241421e-02


Channel 15
DAC		Mean		Sigma		Min		Max
0	 1.598416e-05	5.341156e-08	 1.588172e-05	 1.607846e-05
25	 8.261515e-06	2.496392e-08	 8.225316e-06	 8.302325e-06
50	 4.525126e-07	2.648661e-08	 4.114422e-07	 4.970084e-07
75	-7.042385e-06	2.569026e-08	-7.088929e-06	-6.981318e-06
100	-1.495407e-05	2.615671e-08	-1.500498e-05	-1.490784e-05
200	-4.619557e-05	2.038491e-08	-4.622757e-05	-4.615874e-05
300	-7.737753e-05	1.957889e-08	-7.739674e-05	-7.733269e-05
400	-1.085363e-04	2.540581e-08	-1.085770e-04	-1.084859e-04
500	-1.392322e-04	2.808797e-08	-1.392769e-04	-1.391804e-04
600	-1.702754e-04	2.467320e-08	-1.703152e-04	-1.702231e-04
700	-2.013733e-04	6.169723e-08	-2.014371e-04	-2.011583e-04
800	-2.327754e-04	1.008020e-07	-2.331414e-04	-2.326952e-04
900	-2.638741e-04	1.090510e-07	-2.642774e-04	-2.638191e-04
1000	-2.945913e-04	9.925302e-08	-2.946710e-04	-2.942385e-04
4000	-1.227315e-03	1.396396e-07	-1.227828e-03	-1.227232e-03
7000	-2.159325e-03	2.334000e-08	-2.159367e-03	-2.159286e-03
10000	-3.091230e-03	3.114868e-08	-3.091275e-03	-3.091155e-03
13000	-4.023497e-03	2.788660e-08	-4.023540e-03	-4.023455e-03
16000	-4.956031e-03	3.412617e-08	-4.956078e-03	-4.955959e-03
19000	-5.888392e-03	2.139990e-08	-5.888437e-03	-5.888360e-03
22000	-6.820177e-03	2.990845e-08	-6.820228e-03	-6.820112e-03
25000	-7.751838e-03	2.823442e-08	-7.751883e-03	-7.751779e-03
28000	-8.683496e-03	2.606454e-08	-8.683545e-03	-8.683436e-03
31000	-9.615631e-03	2.759098e-08	-9.615683e-03	-9.615585e-03
34000	-1.054742e-02	4.011096e-08	-1.054751e-02	-1.054737e-02
37000	-1.147870e-02	4.611098e-08	-1.147881e-02	-1.147863e-02
40000	-1.240978e-02	4.730985e-08	-1.240990e-02	-1.240971e-02


Channel 16
DAC		Mean		Sigma		Min		Max
0	 1.150018e-05	3.545766e-08	 1.142113e-05	 1.156713e-05
25	 3.730052e-06	3.101214e-08	 3.673658e-06	 3.781353e-06
50	-3.757950e-06	3.786443e-08	-3.831784e-06	-3.686411e-06
75	-1.169708e-05	1.578574e-08	-1.172651e-05	-1.167393e-05
100	-1.947664e-05	1.344878e-08	-1.949723e-05	-1.944896e-05
200	-5.080072e-05	2.192368e-08	-5.084589e-05	-5.076819e-05
300	-8.126049e-05	2.239975e-08	-8.129359e-05	-8.122357e-05
400	-1.126036e-04	2.679184e-08	-1.126482e-04	-1.125409e-04
500	-1.437350e-04	2.281667e-08	-1.437821e-04	-1.436875e-04
600	-1.748219e-04	1.929721e-08	-1.748625e-04	-1.747945e-04
700	-2.059820e-04	8.979609e-08	-2.063046e-04	-2.059195e-04
800	-2.366900e-04	7.089300e-08	-2.369417e-04	-2.366049e-04
900	-2.677869e-04	8.944362e-08	-2.681098e-04	-2.677086e-04
1000	-2.989143e-04	5.438505e-08	-2.991011e-04	-2.988561e-04
4000	-1.230890e-03	1.180095e-07	-1.231320e-03	-1.230803e-03
7000	-2.162640e-03	4.227403e-08	-2.162700e-03	-2.162548e-03
10000	-3.094897e-03	2.909036e-08	-3.094966e-03	-3.094845e-03
13000	-4.026892e-03	1.851054e-08	-4.026922e-03	-4.026853e-03
16000	-4.958935e-03	1.915156e-08	-4.958966e-03	-4.958894e-03
19000	-5.891154e-03	2.078418e-08	-5.891206e-03	-5.891123e-03
22000	-6.823755e-03	1.851438e-08	-6.823782e-03	-6.823723e-03
25000	-7.756395e-03	2.500080e-08	-7.756452e-03	-7.756365e-03
28000	-8.688614e-03	3.499486e-08	-8.688677e-03	-8.688555e-03
31000	-9.621234e-03	1.875882e-08	-9.621277e-03	-9.621206e-03
34000	-1.055334e-02	4.601449e-08	-1.055343e-02	-1.055329e-02
37000	-1.148617e-02	6.042075e-08	-1.148632e-02	-1.148610e-02
40000	-1.241835e-02	7.233871e-08	-1.241852e-02	-1.241827e-02

