Board 10	2018-06-13 16:13:42

Channel 1
DAC		Mean		Sigma		Min		Max
0	 1.509069e-05	2.916713e-08	 1.501958e-05	 1.514147e-05
25	 7.611537e-06	1.794802e-08	 7.583907e-06	 7.637002e-06
50	-1.940622e-07	1.260841e-08	-2.148163e-07	-1.685660e-07
75	-8.060471e-06	2.417117e-08	-8.107224e-06	-8.015555e-06
100	-1.556046e-05	1.596375e-08	-1.558612e-05	-1.553527e-05
200	-4.666818e-05	2.096392e-08	-4.671672e-05	-4.662797e-05
300	-7.779298e-05	1.815429e-08	-7.783418e-05	-7.776963e-05
400	-1.089035e-04	2.357725e-08	-1.089516e-04	-1.088544e-04
500	-1.401378e-04	1.885564e-08	-1.401594e-04	-1.401014e-04
600	-1.709728e-04	2.810678e-08	-1.710273e-04	-1.709175e-04
700	-2.020504e-04	7.165398e-08	-2.023051e-04	-2.019949e-04
800	-2.331688e-04	1.027876e-07	-2.335390e-04	-2.330987e-04
900	-2.643730e-04	7.275280e-08	-2.645971e-04	-2.642632e-04
1000	-2.956284e-04	1.048538e-07	-2.960149e-04	-2.955697e-04
4000	-1.228488e-03	2.800349e-08	-1.228558e-03	-1.228439e-03
7000	-2.161478e-03	3.800959e-08	-2.161524e-03	-2.161408e-03
10000	-3.093574e-03	2.459395e-08	-3.093610e-03	-3.093527e-03
13000	-4.025868e-03	2.878765e-08	-4.025904e-03	-4.025809e-03
16000	-4.958413e-03	2.823442e-08	-4.958462e-03	-4.958362e-03
19000	-5.890469e-03	2.322776e-08	-5.890526e-03	-5.890435e-03
22000	-6.822826e-03	1.546121e-08	-6.822842e-03	-6.822787e-03
25000	-7.754519e-03	2.574438e-08	-7.754551e-03	-7.754453e-03
28000	-8.685802e-03	1.566085e-08	-8.685838e-03	-8.685765e-03
31000	-9.617806e-03	1.515637e-08	-9.617825e-03	-9.617771e-03
34000	-1.054953e-02	2.241032e-08	-1.054957e-02	-1.054950e-02
37000	-1.148164e-02	4.301938e-08	-1.148172e-02	-1.148158e-02
40000	-1.241312e-02	4.630335e-08	-1.241324e-02	-1.241307e-02


Channel 2
DAC		Mean		Sigma		Min		Max
0	 1.177223e-05	2.609445e-08	 1.171983e-05	 1.181803e-05
25	 4.029807e-06	2.218639e-08	 3.977964e-06	 4.057947e-06
50	-3.875611e-06	2.745508e-08	-3.922024e-06	-3.822356e-06
75	-1.131598e-05	1.450448e-08	-1.133874e-05	-1.128489e-05
100	-1.928320e-05	1.981529e-08	-1.932456e-05	-1.925273e-05
200	-5.026428e-05	2.470894e-08	-5.030754e-05	-5.021274e-05
300	-8.103690e-05	2.018489e-08	-8.106801e-05	-8.099899e-05
400	-1.121130e-04	1.986121e-08	-1.121452e-04	-1.120744e-04
500	-1.433903e-04	1.829209e-08	-1.434175e-04	-1.433500e-04
600	-1.744642e-04	1.756044e-08	-1.744930e-04	-1.744381e-04
700	-2.055382e-04	1.032624e-07	-2.056152e-04	-2.051606e-04
800	-2.361375e-04	9.099257e-08	-2.361996e-04	-2.358021e-04
900	-2.673986e-04	8.432404e-08	-2.676962e-04	-2.673283e-04
1000	-2.985448e-04	6.020498e-08	-2.987602e-04	-2.984808e-04
4000	-1.230581e-03	7.674877e-08	-1.230854e-03	-1.230528e-03
7000	-2.162507e-03	3.346016e-08	-2.162581e-03	-2.162455e-03
10000	-3.094853e-03	2.393454e-08	-3.094895e-03	-3.094810e-03
13000	-4.027009e-03	3.131517e-08	-4.027048e-03	-4.026940e-03
16000	-4.958779e-03	2.845925e-08	-4.958821e-03	-4.958712e-03
19000	-5.891084e-03	2.184694e-08	-5.891120e-03	-5.891044e-03
22000	-6.823521e-03	3.132198e-08	-6.823577e-03	-6.823471e-03
25000	-7.756520e-03	1.602276e-08	-7.756549e-03	-7.756485e-03
28000	-8.689142e-03	3.651094e-08	-8.689202e-03	-8.689072e-03
31000	-9.621407e-03	2.236624e-08	-9.621445e-03	-9.621371e-03
34000	-1.055368e-02	4.166533e-08	-1.055378e-02	-1.055362e-02
37000	-1.148673e-02	4.773073e-08	-1.148685e-02	-1.148667e-02
40000	-1.241941e-02	7.469642e-08	-1.241956e-02	-1.241930e-02


Channel 3
DAC		Mean		Sigma		Min		Max
0	 1.165002e-05	2.131975e-08	 1.159956e-05	 1.168799e-05
25	 4.108875e-06	1.326667e-08	 4.080223e-06	 4.128973e-06
50	-3.786123e-06	1.758454e-08	-3.821314e-06	-3.758546e-06
75	-1.166626e-05	2.472783e-08	-1.170924e-05	-1.162584e-05
100	-1.953087e-05	3.282844e-08	-1.958575e-05	-1.948589e-05
200	-5.010224e-05	1.754138e-08	-5.012788e-05	-5.005602e-05
300	-8.113026e-05	2.015352e-08	-8.116309e-05	-8.109164e-05
400	-1.123565e-04	1.391574e-08	-1.123861e-04	-1.123290e-04
500	-1.434196e-04	2.963889e-08	-1.434744e-04	-1.433778e-04
600	-1.747980e-04	2.907656e-08	-1.748377e-04	-1.747453e-04
700	-2.055135e-04	7.256658e-08	-2.055608e-04	-2.052525e-04
800	-2.364709e-04	1.019808e-07	-2.368466e-04	-2.364110e-04
900	-2.677943e-04	6.743351e-08	-2.680341e-04	-2.677287e-04
1000	-2.987941e-04	7.944201e-08	-2.990854e-04	-2.987350e-04
4000	-1.230762e-03	2.703298e-08	-1.230796e-03	-1.230693e-03
7000	-2.162094e-03	3.533308e-08	-2.162154e-03	-2.162041e-03
10000	-3.093700e-03	4.971635e-08	-3.093763e-03	-3.093590e-03
13000	-4.025135e-03	1.677087e-08	-4.025179e-03	-4.025113e-03
16000	-4.957058e-03	2.343350e-08	-4.957098e-03	-4.957021e-03
19000	-5.888431e-03	2.097830e-08	-5.888465e-03	-5.888392e-03
22000	-6.819594e-03	1.856951e-08	-6.819631e-03	-6.819569e-03
25000	-7.750818e-03	2.096600e-08	-7.750861e-03	-7.750796e-03
28000	-8.681729e-03	2.417712e-08	-8.681771e-03	-8.681683e-03
31000	-9.613002e-03	3.319572e-08	-9.613086e-03	-9.612958e-03
34000	-1.054437e-02	3.604935e-08	-1.054446e-02	-1.054433e-02
37000	-1.147583e-02	6.394442e-08	-1.147599e-02	-1.147576e-02
40000	-1.240690e-02	8.787870e-08	-1.240709e-02	-1.240681e-02


Channel 4
DAC		Mean		Sigma		Min		Max
0	 1.041326e-05	3.306799e-08	 1.035492e-05	 1.047168e-05
25	 2.618860e-06	2.809881e-08	 2.575278e-06	 2.672833e-06
50	-4.935855e-06	2.138509e-08	-4.974042e-06	-4.893903e-06
75	-1.261681e-05	3.926806e-08	-1.267072e-05	-1.252260e-05
100	-2.046813e-05	1.410034e-08	-2.048782e-05	-2.043936e-05
200	-5.154312e-05	1.426064e-08	-5.157135e-05	-5.152413e-05
300	-8.225129e-05	2.067592e-08	-8.228270e-05	-8.220418e-05
400	-1.134442e-04	1.311139e-08	-1.134620e-04	-1.134179e-04
500	-1.445672e-04	1.732470e-08	-1.446071e-04	-1.445504e-04
600	-1.756471e-04	1.551158e-08	-1.756691e-04	-1.756136e-04
700	-2.063145e-04	9.746141e-08	-2.063717e-04	-2.059560e-04
800	-2.373979e-04	1.103234e-07	-2.378071e-04	-2.373442e-04
900	-2.686265e-04	9.258506e-08	-2.689669e-04	-2.685819e-04
1000	-2.997887e-04	1.151774e-07	-3.002141e-04	-2.997171e-04
4000	-1.231243e-03	3.311690e-08	-1.231332e-03	-1.231189e-03
7000	-2.162744e-03	2.300860e-08	-2.162794e-03	-2.162706e-03
10000	-3.094983e-03	1.309690e-08	-3.095014e-03	-3.094964e-03
13000	-4.026904e-03	1.902513e-08	-4.026934e-03	-4.026850e-03
16000	-4.958432e-03	2.154004e-08	-4.958468e-03	-4.958398e-03
19000	-5.890432e-03	2.263390e-08	-5.890463e-03	-5.890380e-03
22000	-6.822858e-03	2.336912e-08	-6.822896e-03	-6.822811e-03
25000	-7.755530e-03	2.316453e-08	-7.755575e-03	-7.755482e-03
28000	-8.688050e-03	2.237161e-08	-8.688078e-03	-8.688011e-03
31000	-9.620340e-03	2.554786e-08	-9.620400e-03	-9.620300e-03
34000	-1.055204e-02	3.964285e-08	-1.055214e-02	-1.055200e-02
37000	-1.148450e-02	5.017303e-08	-1.148462e-02	-1.148442e-02
40000	-1.241727e-02	6.731683e-08	-1.241742e-02	-1.241718e-02


Channel 5
DAC		Mean		Sigma		Min		Max
0	 1.278018e-05	2.333463e-08	 1.273733e-05	 1.282778e-05
25	 4.954150e-06	2.252893e-08	 4.897081e-06	 4.980275e-06
50	-2.576567e-06	1.458833e-08	-2.602886e-06	-2.549011e-06
75	-1.041227e-05	1.639747e-08	-1.043926e-05	-1.038169e-05
100	-1.824187e-05	1.215343e-08	-1.826047e-05	-1.821929e-05
200	-4.886735e-05	1.609531e-08	-4.890065e-05	-4.883689e-05
300	-7.984283e-05	2.072324e-08	-7.987974e-05	-7.978698e-05
400	-1.111140e-04	1.944490e-08	-1.111460e-04	-1.110787e-04
500	-1.423143e-04	2.546376e-08	-1.423616e-04	-1.422541e-04
600	-1.735213e-04	1.878524e-08	-1.735436e-04	-1.734891e-04
700	-2.041022e-04	1.175032e-07	-2.041658e-04	-2.036726e-04
800	-2.350864e-04	1.069622e-07	-2.351640e-04	-2.346996e-04
900	-2.663852e-04	1.029935e-07	-2.667627e-04	-2.663202e-04
1000	-2.976106e-04	9.056933e-08	-2.979354e-04	-2.975451e-04
4000	-1.229862e-03	8.704824e-08	-1.230170e-03	-1.229789e-03
7000	-2.161846e-03	1.978439e-08	-2.161871e-03	-2.161810e-03
10000	-3.094249e-03	2.649746e-08	-3.094314e-03	-3.094194e-03
13000	-4.026757e-03	2.681409e-08	-4.026803e-03	-4.026716e-03
16000	-4.958659e-03	2.173722e-08	-4.958692e-03	-4.958612e-03
19000	-5.889950e-03	1.592008e-08	-5.889972e-03	-5.889915e-03
22000	-6.821911e-03	1.657253e-08	-6.821944e-03	-6.821882e-03
25000	-7.753494e-03	2.914210e-08	-7.753545e-03	-7.753455e-03
28000	-8.684858e-03	2.356834e-08	-8.684922e-03	-8.684826e-03
31000	-9.616347e-03	4.270987e-08	-9.616461e-03	-9.616303e-03
34000	-1.054699e-02	7.857056e-08	-1.054715e-02	-1.054691e-02
37000	-1.147822e-02	1.221838e-07	-1.147851e-02	-1.147808e-02
40000	-1.240962e-02	1.176133e-07	-1.240991e-02	-1.240951e-02


Channel 6
DAC		Mean		Sigma		Min		Max
0	 1.205433e-05	4.485540e-08	 1.196021e-05	 1.210950e-05
25	 4.320763e-06	3.005307e-08	 4.259383e-06	 4.368582e-06
50	-3.166011e-06	1.868422e-08	-3.194615e-06	-3.131592e-06
75	-1.105136e-05	3.266917e-08	-1.109920e-05	-1.098898e-05
100	-1.895943e-05	1.677990e-08	-1.899369e-05	-1.893447e-05
200	-5.011343e-05	2.455374e-08	-5.015519e-05	-5.006360e-05
300	-8.069341e-05	1.769314e-08	-8.071935e-05	-8.066634e-05
400	-1.117265e-04	1.067491e-07	-1.118353e-04	-1.115655e-04
500	-1.427425e-04	1.571890e-08	-1.427701e-04	-1.427101e-04
600	-1.738668e-04	3.431993e-08	-1.739392e-04	-1.738293e-04
700	-2.050980e-04	9.382705e-08	-2.054451e-04	-2.050557e-04
800	-2.357302e-04	1.114535e-07	-2.361386e-04	-2.356751e-04
900	-2.667774e-04	1.100823e-07	-2.671806e-04	-2.667076e-04
1000	-2.979800e-04	6.800726e-08	-2.980346e-04	-2.977394e-04
4000	-1.230045e-03	1.583161e-08	-1.230071e-03	-1.230019e-03
7000	-2.162161e-03	2.260521e-08	-2.162207e-03	-2.162115e-03
10000	-3.094003e-03	2.932454e-08	-3.094060e-03	-3.093960e-03
13000	-4.026190e-03	1.840362e-08	-4.026229e-03	-4.026158e-03
16000	-4.957897e-03	2.035289e-08	-4.957934e-03	-4.957864e-03
19000	-5.889689e-03	2.485657e-08	-5.889722e-03	-5.889650e-03
22000	-6.822153e-03	2.651507e-08	-6.822200e-03	-6.822109e-03
25000	-7.754018e-03	3.277085e-08	-7.754086e-03	-7.753968e-03
28000	-8.685814e-03	4.489969e-08	-8.685944e-03	-8.685756e-03
31000	-9.617813e-03	6.340396e-08	-9.617941e-03	-9.617740e-03
34000	-1.054939e-02	8.827734e-08	-1.054962e-02	-1.054929e-02
37000	-1.148169e-02	1.096459e-07	-1.148199e-02	-1.148158e-02
40000	-1.241390e-02	1.263681e-07	-1.241423e-02	-1.241377e-02


Channel 7
DAC		Mean		Sigma		Min		Max
0	 1.733816e-05	3.273770e-08	 1.725192e-05	 1.737880e-05
25	 9.490493e-06	1.866996e-08	 9.468115e-06	 9.533975e-06
50	 1.950185e-06	1.697816e-08	 1.923526e-06	 1.984982e-06
75	-5.889090e-06	2.004287e-08	-5.927640e-06	-5.857101e-06
100	-1.383592e-05	1.635556e-08	-1.385786e-05	-1.380098e-05
200	-4.492867e-05	1.480524e-08	-4.495576e-05	-4.490839e-05
300	-7.562845e-05	1.774723e-08	-7.566449e-05	-7.558230e-05
400	-1.069077e-04	1.672625e-08	-1.069411e-04	-1.068860e-04
500	-1.378504e-04	1.926097e-08	-1.378832e-04	-1.378203e-04
600	-1.689722e-04	2.489864e-08	-1.690247e-04	-1.689316e-04
700	-2.002079e-04	1.546169e-08	-2.002425e-04	-2.001822e-04
800	-2.309164e-04	6.625089e-08	-2.309597e-04	-2.306748e-04
900	-2.621682e-04	7.531389e-08	-2.624416e-04	-2.621205e-04
1000	-2.932905e-04	8.023536e-08	-2.933489e-04	-2.930003e-04
4000	-1.226202e-03	2.648740e-08	-1.226255e-03	-1.226156e-03
7000	-2.158791e-03	1.940332e-08	-2.158826e-03	-2.158758e-03
10000	-3.091097e-03	3.001748e-08	-3.091154e-03	-3.091026e-03
13000	-4.023430e-03	1.901298e-08	-4.023462e-03	-4.023385e-03
16000	-4.955614e-03	2.015209e-08	-4.955644e-03	-4.955566e-03
19000	-5.886938e-03	1.698705e-08	-5.886970e-03	-5.886904e-03
22000	-6.818572e-03	1.277602e-08	-6.818593e-03	-6.818543e-03
25000	-7.750399e-03	2.686725e-08	-7.750436e-03	-7.750343e-03
28000	-8.682105e-03	2.750030e-08	-8.682155e-03	-8.682050e-03
31000	-9.614003e-03	3.954148e-08	-9.614090e-03	-9.613951e-03
34000	-1.054480e-02	6.907645e-08	-1.054498e-02	-1.054472e-02
37000	-1.147613e-02	7.196913e-08	-1.147629e-02	-1.147602e-02
40000	-1.240776e-02	7.343629e-08	-1.240792e-02	-1.240768e-02


Channel 8
DAC		Mean		Sigma		Min		Max
0	 1.259736e-05	3.364830e-08	 1.252624e-05	 1.265017e-05
25	 4.852280e-06	3.113399e-08	 4.779619e-06	 4.902798e-06
50	-2.942909e-06	2.284060e-08	-2.986113e-06	-2.914425e-06
75	-1.045458e-05	1.163131e-08	-1.047596e-05	-1.043493e-05
100	-1.828496e-05	2.670072e-08	-1.832149e-05	-1.823941e-05
200	-4.939110e-05	2.696900e-08	-4.943731e-05	-4.933986e-05
300	-8.039438e-05	3.225162e-08	-8.046011e-05	-8.032892e-05
400	-1.112419e-04	2.209787e-08	-1.112950e-04	-1.112190e-04
500	-1.424613e-04	2.474569e-08	-1.424906e-04	-1.424050e-04
600	-1.735033e-04	2.327779e-08	-1.735580e-04	-1.734576e-04
700	-2.046498e-04	1.114444e-07	-2.050616e-04	-2.045784e-04
800	-2.353840e-04	6.762456e-08	-2.356212e-04	-2.353201e-04
900	-2.665156e-04	1.003687e-07	-2.668772e-04	-2.664479e-04
1000	-2.977941e-04	1.043359e-07	-2.981766e-04	-2.977341e-04
4000	-1.229419e-03	4.065213e-08	-1.229560e-03	-1.229385e-03
7000	-2.161324e-03	2.134000e-08	-2.161355e-03	-2.161287e-03
10000	-3.093182e-03	2.060679e-08	-3.093216e-03	-3.093143e-03
13000	-4.025658e-03	3.091235e-08	-4.025721e-03	-4.025624e-03
16000	-4.957526e-03	3.461111e-08	-4.957597e-03	-4.957467e-03
19000	-5.889281e-03	1.761817e-08	-5.889317e-03	-5.889253e-03
22000	-6.821479e-03	1.930412e-08	-6.821512e-03	-6.821438e-03
25000	-7.753464e-03	2.426703e-08	-7.753500e-03	-7.753429e-03
28000	-8.685619e-03	2.443986e-08	-8.685665e-03	-8.685574e-03
31000	-9.617873e-03	3.043200e-08	-9.617930e-03	-9.617824e-03
34000	-1.054950e-02	5.904424e-08	-1.054963e-02	-1.054940e-02
37000	-1.148183e-02	7.125541e-08	-1.148198e-02	-1.148176e-02
40000	-1.241438e-02	1.064873e-07	-1.241462e-02	-1.241426e-02


Channel 9
DAC		Mean		Sigma		Min		Max
0	 1.480141e-05	2.983220e-08	 1.475565e-05	 1.486222e-05
25	 7.052628e-06	2.954512e-08	 7.002807e-06	 7.116189e-06
50	-8.205565e-07	3.833533e-08	-8.809118e-07	-7.338542e-07
75	-8.314254e-06	2.670852e-08	-8.361267e-06	-8.250419e-06
100	-1.629493e-05	1.843136e-08	-1.631869e-05	-1.625570e-05
200	-4.733011e-05	2.355079e-08	-4.736674e-05	-4.726780e-05
300	-7.843541e-05	1.973638e-08	-7.846700e-05	-7.840165e-05
400	-1.094412e-04	2.915247e-08	-1.094936e-04	-1.093780e-04
500	-1.403784e-04	2.013738e-08	-1.404067e-04	-1.403201e-04
600	-1.714860e-04	2.470401e-08	-1.715441e-04	-1.714366e-04
700	-2.025970e-04	8.740738e-08	-2.029181e-04	-2.025450e-04
800	-2.336061e-04	9.467243e-08	-2.339537e-04	-2.335420e-04
900	-2.644953e-04	1.129641e-07	-2.649000e-04	-2.644083e-04
1000	-2.956336e-04	8.461174e-08	-2.959319e-04	-2.955493e-04
4000	-1.228266e-03	1.237071e-07	-1.228716e-03	-1.228188e-03
7000	-2.160481e-03	5.126073e-08	-2.160570e-03	-2.160389e-03
10000	-3.092383e-03	3.018491e-08	-3.092438e-03	-3.092323e-03
13000	-4.025120e-03	2.221671e-08	-4.025162e-03	-4.025088e-03
16000	-4.957370e-03	3.156975e-08	-4.957408e-03	-4.957306e-03
19000	-5.889057e-03	3.237118e-08	-5.889117e-03	-5.888989e-03
22000	-6.821834e-03	2.896895e-08	-6.821887e-03	-6.821780e-03
25000	-7.753717e-03	2.653501e-08	-7.753758e-03	-7.753674e-03
28000	-8.685268e-03	3.014292e-08	-8.685305e-03	-8.685206e-03
31000	-9.617266e-03	3.450153e-08	-9.617313e-03	-9.617181e-03
34000	-1.054861e-02	1.806162e-08	-1.054864e-02	-1.054858e-02
37000	-1.148045e-02	2.418448e-08	-1.148048e-02	-1.148039e-02
40000	-1.241189e-02	2.497999e-08	-1.241193e-02	-1.241183e-02


Channel 10
DAC		Mean		Sigma		Min		Max
0	 1.540379e-05	3.482771e-08	 1.532933e-05	 1.546083e-05
25	 7.974498e-06	2.244135e-08	 7.936930e-06	 8.012056e-06
50	 1.152220e-07	3.585644e-08	 6.642419e-08	 1.929753e-07
75	-7.765603e-06	2.430387e-08	-7.825065e-06	-7.725991e-06
100	-1.531578e-05	2.365295e-08	-1.537104e-05	-1.529159e-05
200	-4.634885e-05	2.302546e-08	-4.638286e-05	-4.630888e-05
300	-7.735463e-05	2.511083e-08	-7.739545e-05	-7.731123e-05
400	-1.085651e-04	2.357708e-08	-1.086086e-04	-1.085113e-04
500	-1.393828e-04	2.522274e-08	-1.394314e-04	-1.393404e-04
600	-1.705145e-04	1.831538e-08	-1.705520e-04	-1.704807e-04
700	-2.015898e-04	1.029824e-07	-2.016552e-04	-2.012102e-04
800	-2.325674e-04	8.462782e-08	-2.326046e-04	-2.322542e-04
900	-2.634678e-04	1.160609e-07	-2.638968e-04	-2.633934e-04
1000	-2.945997e-04	6.815723e-08	-2.948474e-04	-2.945414e-04
4000	-1.226460e-03	1.795996e-08	-1.226489e-03	-1.226422e-03
7000	-2.157907e-03	2.365925e-08	-2.157950e-03	-2.157871e-03
10000	-3.089143e-03	1.477596e-08	-3.089165e-03	-3.089109e-03
13000	-4.021018e-03	1.571185e-08	-4.021056e-03	-4.020989e-03
16000	-4.952437e-03	2.216744e-08	-4.952496e-03	-4.952407e-03
19000	-5.884526e-03	2.939040e-08	-5.884566e-03	-5.884461e-03
22000	-6.817204e-03	2.437613e-08	-6.817245e-03	-6.817153e-03
25000	-7.748841e-03	2.258849e-08	-7.748897e-03	-7.748804e-03
28000	-8.681145e-03	2.597127e-08	-8.681179e-03	-8.681096e-03
31000	-9.613816e-03	2.830422e-08	-9.613875e-03	-9.613775e-03
34000	-1.054520e-02	2.186829e-08	-1.054526e-02	-1.054518e-02
37000	-1.147751e-02	2.999259e-08	-1.147756e-02	-1.147746e-02
40000	-1.240978e-02	3.261901e-08	-1.240986e-02	-1.240973e-02


Channel 11
DAC		Mean		Sigma		Min		Max
0	 1.511600e-05	1.441521e-08	 1.508409e-05	 1.514129e-05
25	 7.647453e-06	2.746143e-08	 7.618261e-06	 7.697509e-06
50	-1.045066e-07	2.258233e-08	-1.543776e-07	-5.237688e-08
75	-7.896794e-06	2.861231e-08	-7.976423e-06	-7.859674e-06
100	-1.565771e-05	1.907448e-08	-1.570976e-05	-1.562163e-05
200	-4.673991e-05	2.865604e-08	-4.678611e-05	-4.667184e-05
300	-7.772558e-05	1.503570e-08	-7.774780e-05	-7.769585e-05
400	-1.088032e-04	2.122733e-08	-1.088299e-04	-1.087589e-04
500	-1.399833e-04	1.843865e-08	-1.400175e-04	-1.399507e-04
600	-1.708191e-04	2.567527e-08	-1.708604e-04	-1.707755e-04
700	-2.019143e-04	1.068100e-07	-2.019632e-04	-2.015208e-04
800	-2.329204e-04	5.917030e-08	-2.330099e-04	-2.327297e-04
900	-2.640523e-04	1.121960e-07	-2.644568e-04	-2.639684e-04
1000	-2.949690e-04	1.149741e-07	-2.953906e-04	-2.949039e-04
4000	-1.227844e-03	1.145698e-07	-1.228262e-03	-1.227758e-03
7000	-2.160434e-03	2.607136e-08	-2.160468e-03	-2.160377e-03
10000	-3.092831e-03	2.808669e-08	-3.092881e-03	-3.092792e-03
13000	-4.025036e-03	2.729558e-08	-4.025088e-03	-4.025008e-03
16000	-4.957395e-03	1.495980e-08	-4.957417e-03	-4.957361e-03
19000	-5.889204e-03	2.884641e-08	-5.889263e-03	-5.889152e-03
22000	-6.821629e-03	1.739911e-08	-6.821672e-03	-6.821607e-03
25000	-7.753748e-03	4.288558e-08	-7.753802e-03	-7.753684e-03
28000	-8.685636e-03	2.703298e-08	-8.685684e-03	-8.685590e-03
31000	-9.617930e-03	4.758637e-08	-9.618028e-03	-9.617863e-03
34000	-1.054922e-02	5.996295e-08	-1.054930e-02	-1.054915e-02
37000	-1.148127e-02	7.203703e-08	-1.148143e-02	-1.148118e-02
40000	-1.241288e-02	9.327141e-08	-1.241310e-02	-1.241277e-02


Channel 12
DAC		Mean		Sigma		Min		Max
0	 1.336044e-05	4.022805e-08	 1.330785e-05	 1.346636e-05
25	 5.571291e-06	2.049702e-08	 5.525814e-06	 5.606882e-06
50	-1.876971e-06	1.782199e-08	-1.910383e-06	-1.843721e-06
75	-9.673227e-06	1.579481e-08	-9.693477e-06	-9.630752e-06
100	-1.755171e-05	1.422882e-08	-1.758031e-05	-1.752679e-05
200	-4.859583e-05	2.091582e-08	-4.863139e-05	-4.855838e-05
300	-7.937260e-05	1.270549e-08	-7.939279e-05	-7.935238e-05
400	-1.105252e-04	2.444123e-08	-1.105714e-04	-1.104784e-04
500	-1.416547e-04	1.469397e-08	-1.417004e-04	-1.416357e-04
600	-1.727596e-04	2.641202e-08	-1.728136e-04	-1.727221e-04
700	-2.034619e-04	8.091990e-08	-2.035385e-04	-2.031717e-04
800	-2.345762e-04	8.912236e-08	-2.346316e-04	-2.342483e-04
900	-2.657593e-04	7.329469e-08	-2.660228e-04	-2.656915e-04
1000	-2.968039e-04	8.990650e-08	-2.971298e-04	-2.967429e-04
4000	-1.228318e-03	1.151645e-07	-1.228745e-03	-1.228245e-03
7000	-2.159709e-03	2.319617e-08	-2.159748e-03	-2.159652e-03
10000	-3.091094e-03	2.064902e-08	-3.091118e-03	-3.091044e-03
13000	-4.022763e-03	2.291201e-08	-4.022808e-03	-4.022724e-03
16000	-4.954242e-03	2.196199e-08	-4.954286e-03	-4.954210e-03
19000	-5.885758e-03	2.259046e-08	-5.885809e-03	-5.885719e-03
22000	-6.817754e-03	1.319326e-08	-6.817780e-03	-6.817731e-03
25000	-7.749100e-03	1.940034e-08	-7.749133e-03	-7.749069e-03
28000	-8.680993e-03	2.266118e-08	-8.681043e-03	-8.680954e-03
31000	-9.612991e-03	2.946335e-08	-9.613049e-03	-9.612956e-03
34000	-1.054461e-02	4.964765e-08	-1.054472e-02	-1.054454e-02
37000	-1.147715e-02	4.990658e-08	-1.147727e-02	-1.147708e-02
40000	-1.240944e-02	7.877958e-08	-1.240964e-02	-1.240936e-02


Channel 13
DAC		Mean		Sigma		Min		Max
0	 1.434460e-05	3.221282e-08	 1.428970e-05	 1.440451e-05
25	 6.856739e-06	2.000571e-08	 6.808896e-06	 6.881587e-06
50	-9.688663e-07	1.782059e-08	-1.003451e-06	-9.471692e-07
75	-8.913990e-06	1.976491e-08	-8.956289e-06	-8.873049e-06
100	-1.672670e-05	2.152929e-08	-1.676809e-05	-1.669546e-05
200	-4.747968e-05	2.139351e-08	-4.751627e-05	-4.743520e-05
300	-7.860400e-05	2.193186e-08	-7.863743e-05	-7.856771e-05
400	-1.097911e-04	2.915781e-08	-1.098534e-04	-1.097421e-04
500	-1.409596e-04	1.576086e-08	-1.409975e-04	-1.409361e-04
600	-1.720748e-04	2.332941e-08	-1.721227e-04	-1.720237e-04
700	-2.028616e-04	5.694842e-08	-2.028998e-04	-2.026531e-04
800	-2.340243e-04	7.250713e-08	-2.342904e-04	-2.339755e-04
900	-2.650671e-04	1.119213e-07	-2.654805e-04	-2.650091e-04
1000	-2.962837e-04	1.162726e-07	-2.967124e-04	-2.962213e-04
4000	-1.228325e-03	4.106223e-08	-1.228467e-03	-1.228289e-03
7000	-2.160382e-03	1.760177e-08	-2.160409e-03	-2.160351e-03
10000	-3.092747e-03	2.091825e-08	-3.092781e-03	-3.092712e-03
13000	-4.024841e-03	1.686364e-08	-4.024880e-03	-4.024815e-03
16000	-4.956956e-03	1.507315e-08	-4.956987e-03	-4.956927e-03
19000	-5.888401e-03	1.966949e-08	-5.888447e-03	-5.888365e-03
22000	-6.819971e-03	2.320249e-08	-6.820025e-03	-6.819940e-03
25000	-7.751754e-03	2.770961e-08	-7.751794e-03	-7.751696e-03
28000	-8.683226e-03	3.569837e-08	-8.683289e-03	-8.683187e-03
31000	-9.614916e-03	5.684153e-08	-9.615027e-03	-9.614841e-03
34000	-1.054643e-02	6.055301e-08	-1.054656e-02	-1.054636e-02
37000	-1.147845e-02	7.277362e-08	-1.147860e-02	-1.147835e-02
40000	-1.241010e-02	9.200483e-08	-1.241029e-02	-1.240998e-02


Channel 14
DAC		Mean		Sigma		Min		Max
0	 1.065750e-05	4.755384e-08	 1.056466e-05	 1.073262e-05
25	 2.879336e-06	2.917514e-08	 2.817397e-06	 2.923914e-06
50	-4.961987e-06	2.450082e-08	-5.000541e-06	-4.915340e-06
75	-1.276788e-05	2.571626e-08	-1.282552e-05	-1.273064e-05
100	-2.025829e-05	2.303105e-08	-2.030145e-05	-2.019786e-05
200	-5.141750e-05	2.785404e-08	-5.145604e-05	-5.135580e-05
300	-8.257185e-05	1.934179e-08	-8.261019e-05	-8.253567e-05
400	-1.136716e-04	2.189178e-08	-1.137094e-04	-1.136295e-04
500	-1.444797e-04	2.946813e-08	-1.445706e-04	-1.444459e-04
600	-1.755208e-04	2.977524e-08	-1.755642e-04	-1.754626e-04
700	-2.065260e-04	1.009039e-07	-2.068986e-04	-2.064648e-04
800	-2.377958e-04	1.071032e-07	-2.381874e-04	-2.377156e-04
900	-2.689268e-04	9.093068e-08	-2.692348e-04	-2.688423e-04
1000	-2.997007e-04	1.054832e-07	-3.000843e-04	-2.996360e-04
4000	-1.231449e-03	7.573011e-08	-1.231718e-03	-1.231379e-03
7000	-2.162712e-03	1.772180e-08	-2.162745e-03	-2.162682e-03
10000	-3.094444e-03	2.743688e-08	-3.094498e-03	-3.094391e-03
13000	-4.025743e-03	2.635771e-08	-4.025795e-03	-4.025709e-03
16000	-4.956851e-03	2.930574e-08	-4.956939e-03	-4.956813e-03
19000	-5.888812e-03	2.189937e-08	-5.888861e-03	-5.888769e-03
22000	-6.820771e-03	1.919259e-08	-6.820801e-03	-6.820728e-03
25000	-7.752765e-03	2.164193e-08	-7.752803e-03	-7.752734e-03
28000	-8.684538e-03	3.854464e-08	-8.684603e-03	-8.684477e-03
31000	-9.616628e-03	3.801544e-08	-9.616697e-03	-9.616572e-03
34000	-1.054773e-02	8.057019e-08	-1.054787e-02	-1.054763e-02
37000	-1.147963e-02	6.049426e-08	-1.147980e-02	-1.147958e-02
40000	-1.241137e-02	8.119661e-08	-1.241156e-02	-1.241127e-02


Channel 15
DAC		Mean		Sigma		Min		Max
0	 1.533982e-05	3.550950e-08	 1.526483e-05	 1.538073e-05
25	 7.587010e-06	2.050021e-08	 7.548632e-06	 7.631397e-06
50	-2.022485e-07	2.704101e-08	-2.321210e-07	-1.516072e-07
75	-7.667287e-06	1.994665e-08	-7.702070e-06	-7.631391e-06
100	-1.558036e-05	2.749998e-08	-1.562259e-05	-1.553130e-05
200	-4.681979e-05	2.554317e-08	-4.686382e-05	-4.677186e-05
300	-7.800340e-05	2.137967e-08	-7.804572e-05	-7.796878e-05
400	-1.091206e-04	2.436727e-08	-1.091622e-04	-1.090827e-04
500	-1.398309e-04	2.439080e-08	-1.398722e-04	-1.397833e-04
600	-1.708394e-04	2.748844e-08	-1.708884e-04	-1.708041e-04
700	-2.019456e-04	3.923670e-08	-2.020113e-04	-2.018751e-04
800	-2.333195e-04	6.190212e-08	-2.335394e-04	-2.332535e-04
900	-2.644338e-04	1.224742e-07	-2.648839e-04	-2.643537e-04
1000	-2.951694e-04	1.070375e-07	-2.955615e-04	-2.951067e-04
4000	-1.227765e-03	6.982060e-08	-1.228014e-03	-1.227717e-03
7000	-2.159642e-03	2.765614e-08	-2.159682e-03	-2.159594e-03
10000	-3.091376e-03	2.986592e-08	-3.091430e-03	-3.091336e-03
13000	-4.023490e-03	2.842221e-08	-4.023535e-03	-4.023440e-03
16000	-4.955973e-03	2.804393e-08	-4.956018e-03	-4.955892e-03
19000	-5.888162e-03	2.229340e-08	-5.888217e-03	-5.888113e-03
22000	-6.819846e-03	3.033766e-08	-6.819897e-03	-6.819792e-03
25000	-7.751428e-03	2.146273e-08	-7.751478e-03	-7.751385e-03
28000	-8.682940e-03	4.092573e-08	-8.683007e-03	-8.682868e-03
31000	-9.614981e-03	2.884641e-08	-9.615038e-03	-9.614944e-03
34000	-1.054665e-02	4.096611e-08	-1.054674e-02	-1.054661e-02
37000	-1.147785e-02	4.543127e-08	-1.147794e-02	-1.147776e-02
40000	-1.240880e-02	6.953816e-08	-1.240896e-02	-1.240869e-02


Channel 16
DAC		Mean		Sigma		Min		Max
0	 1.308746e-05	3.530983e-08	 1.300937e-05	 1.313112e-05
25	 5.296308e-06	1.319652e-08	 5.277178e-06	 5.319308e-06
50	-2.216027e-06	2.328369e-08	-2.253639e-06	-2.175927e-06
75	-1.021263e-05	1.617079e-08	-1.024829e-05	-1.018938e-05
100	-1.798566e-05	2.242914e-08	-1.803067e-05	-1.795688e-05
200	-4.922936e-05	2.206027e-08	-4.927134e-05	-4.918460e-05
300	-7.971035e-05	3.392840e-08	-7.976480e-05	-7.964542e-05
400	-1.110123e-04	1.596562e-08	-1.110401e-04	-1.109877e-04
500	-1.421665e-04	2.497761e-08	-1.422018e-04	-1.421108e-04
600	-1.732363e-04	2.199884e-08	-1.732782e-04	-1.731955e-04
700	-2.043806e-04	9.809989e-08	-2.047366e-04	-2.043179e-04
800	-2.350951e-04	9.758684e-08	-2.354482e-04	-2.350043e-04
900	-2.662265e-04	1.091157e-07	-2.666297e-04	-2.661721e-04
1000	-2.973073e-04	9.584117e-08	-2.976546e-04	-2.972293e-04
4000	-1.229243e-03	3.150210e-08	-1.229306e-03	-1.229166e-03
7000	-2.160950e-03	2.755471e-08	-2.160994e-03	-2.160899e-03
10000	-3.093113e-03	3.946959e-08	-3.093191e-03	-3.093038e-03
13000	-4.025073e-03	4.772821e-08	-4.025157e-03	-4.025010e-03
16000	-4.957115e-03	3.170321e-08	-4.957170e-03	-4.957062e-03
19000	-5.889287e-03	2.557551e-08	-5.889327e-03	-5.889238e-03
22000	-6.821854e-03	2.394067e-08	-6.821900e-03	-6.821811e-03
25000	-7.754403e-03	2.618006e-08	-7.754443e-03	-7.754358e-03
28000	-8.686612e-03	3.609592e-08	-8.686676e-03	-8.686558e-03
31000	-9.619245e-03	2.466270e-08	-9.619283e-03	-9.619188e-03
34000	-1.055138e-02	3.315955e-08	-1.055146e-02	-1.055132e-02
37000	-1.148418e-02	4.809250e-08	-1.148427e-02	-1.148413e-02
40000	-1.241632e-02	5.259489e-08	-1.241643e-02	-1.241625e-02

