Board 11	2018-06-13 18:35:51

Channel 1
DAC		Mean		Sigma		Min		Max
0	 1.289741e-05	3.488897e-08	 1.285159e-05	 1.295082e-05
25	 5.378786e-06	1.752206e-08	 5.341627e-06	 5.420065e-06
50	-2.361934e-06	2.401728e-08	-2.404028e-06	-2.329831e-06
75	-1.018141e-05	2.154839e-08	-1.021983e-05	-1.014000e-05
100	-1.767987e-05	2.145104e-08	-1.771081e-05	-1.763419e-05
200	-4.878798e-05	2.219141e-08	-4.882972e-05	-4.875081e-05
300	-7.988923e-05	2.460625e-08	-7.994749e-05	-7.986322e-05
400	-1.109827e-04	1.962419e-08	-1.110199e-04	-1.109355e-04
500	-1.422136e-04	1.559659e-08	-1.422403e-04	-1.421860e-04
600	-1.730207e-04	2.136317e-08	-1.730514e-04	-1.729801e-04
700	-2.040746e-04	8.632444e-08	-2.043880e-04	-2.040159e-04
800	-2.351403e-04	7.500459e-08	-2.352066e-04	-2.348697e-04
900	-2.663042e-04	9.425707e-08	-2.666520e-04	-2.662463e-04
1000	-2.975685e-04	6.793558e-08	-2.978045e-04	-2.974966e-04
4000	-1.229721e-03	5.094502e-08	-1.229896e-03	-1.229668e-03
7000	-2.161950e-03	2.535403e-08	-2.161985e-03	-2.161873e-03
10000	-3.093319e-03	2.274105e-08	-3.093359e-03	-3.093266e-03
13000	-4.024874e-03	2.945007e-08	-4.024928e-03	-4.024825e-03
16000	-4.956709e-03	1.751444e-08	-4.956751e-03	-4.956665e-03
19000	-5.887992e-03	3.111370e-08	-5.888027e-03	-5.887889e-03
22000	-6.819622e-03	2.408780e-08	-6.819665e-03	-6.819569e-03
25000	-7.750565e-03	2.418503e-08	-7.750614e-03	-7.750512e-03
28000	-8.681121e-03	2.793675e-08	-8.681184e-03	-8.681078e-03
31000	-9.612301e-03	2.558645e-08	-9.612356e-03	-9.612250e-03
34000	-1.054327e-02	3.335999e-08	-1.054334e-02	-1.054323e-02
37000	-1.147464e-02	4.728166e-08	-1.147473e-02	-1.147457e-02
40000	-1.240527e-02	4.496913e-08	-1.240541e-02	-1.240523e-02


Channel 2
DAC		Mean		Sigma		Min		Max
0	 1.521246e-05	4.981895e-08	 1.512659e-05	 1.529426e-05
25	 7.490801e-06	1.730956e-08	 7.462096e-06	 7.511568e-06
50	-4.448739e-07	1.682066e-08	-4.734916e-07	-3.988271e-07
75	-7.903663e-06	2.305149e-08	-7.952284e-06	-7.869238e-06
100	-1.582117e-05	3.089467e-08	-1.589397e-05	-1.578671e-05
200	-4.684514e-05	1.673633e-08	-4.687524e-05	-4.681745e-05
300	-7.759921e-05	2.629216e-08	-7.764587e-05	-7.755434e-05
400	-1.086122e-04	2.774781e-08	-1.086463e-04	-1.085527e-04
500	-1.398898e-04	1.679158e-08	-1.399143e-04	-1.398618e-04
600	-1.709675e-04	2.390795e-08	-1.709957e-04	-1.709088e-04
700	-2.020143e-04	9.297923e-08	-2.020897e-04	-2.016760e-04
800	-2.325901e-04	8.494716e-08	-2.326514e-04	-2.322832e-04
900	-2.638296e-04	9.077569e-08	-2.641593e-04	-2.637769e-04
1000	-2.950438e-04	1.001610e-07	-2.954105e-04	-2.949822e-04
4000	-1.226911e-03	3.004589e-08	-1.226995e-03	-1.226871e-03
7000	-2.158678e-03	2.260285e-08	-2.158724e-03	-2.158638e-03
10000	-3.090842e-03	1.307007e-08	-3.090864e-03	-3.090816e-03
13000	-4.022780e-03	2.231133e-08	-4.022840e-03	-4.022747e-03
16000	-4.954368e-03	3.580292e-08	-4.954421e-03	-4.954279e-03
19000	-5.886486e-03	1.283329e-08	-5.886508e-03	-5.886462e-03
22000	-6.818803e-03	1.872776e-08	-6.818837e-03	-6.818769e-03
25000	-7.751562e-03	2.326428e-08	-7.751604e-03	-7.751529e-03
28000	-8.684022e-03	1.726602e-08	-8.684060e-03	-8.683992e-03
31000	-9.616129e-03	2.574197e-08	-9.616178e-03	-9.616092e-03
34000	-1.054825e-02	3.649049e-08	-1.054834e-02	-1.054821e-02
37000	-1.148115e-02	3.343983e-08	-1.148124e-02	-1.148111e-02
40000	-1.241365e-02	4.063934e-08	-1.241376e-02	-1.241360e-02


Channel 3
DAC		Mean		Sigma		Min		Max
0	 1.111576e-05	3.498442e-08	 1.106305e-05	 1.116841e-05
25	 3.553205e-06	3.088648e-08	 3.505917e-06	 3.603576e-06
50	-4.299576e-06	1.068753e-08	-4.322354e-06	-4.280602e-06
75	-1.223226e-05	2.301316e-08	-1.226494e-05	-1.218374e-05
100	-2.011161e-05	1.952092e-08	-2.013700e-05	-2.005509e-05
200	-5.074383e-05	1.813137e-08	-5.076493e-05	-5.069724e-05
300	-8.178833e-05	1.265432e-08	-8.181671e-05	-8.176984e-05
400	-1.130316e-04	2.419721e-08	-1.130801e-04	-1.130039e-04
500	-1.441244e-04	2.413282e-08	-1.441595e-04	-1.440688e-04
600	-1.754974e-04	1.312203e-08	-1.755210e-04	-1.754665e-04
700	-2.062329e-04	8.638217e-08	-2.062826e-04	-2.059135e-04
800	-2.372306e-04	9.429189e-08	-2.372838e-04	-2.368857e-04
900	-2.685549e-04	5.878305e-08	-2.687638e-04	-2.684942e-04
1000	-2.996849e-04	7.628847e-08	-2.999562e-04	-2.996167e-04
4000	-1.232115e-03	8.114662e-08	-1.232394e-03	-1.232010e-03
7000	-2.163968e-03	4.756563e-08	-2.164042e-03	-2.163839e-03
10000	-3.096068e-03	3.925925e-08	-3.096152e-03	-3.095992e-03
13000	-4.028062e-03	2.616834e-08	-4.028108e-03	-4.028001e-03
16000	-4.960557e-03	4.249936e-08	-4.960616e-03	-4.960468e-03
19000	-5.892488e-03	3.651751e-08	-5.892547e-03	-5.892401e-03
22000	-6.824186e-03	1.817862e-08	-6.824212e-03	-6.824154e-03
25000	-7.756019e-03	1.554978e-08	-7.756038e-03	-7.755980e-03
28000	-8.687480e-03	2.581731e-08	-8.687519e-03	-8.687425e-03
31000	-9.619353e-03	2.675685e-08	-9.619401e-03	-9.619307e-03
34000	-1.055131e-02	1.948219e-08	-1.055134e-02	-1.055128e-02
37000	-1.148333e-02	1.788854e-08	-1.148335e-02	-1.148329e-02
40000	-1.241498e-02	2.028683e-08	-1.241502e-02	-1.241495e-02


Channel 4
DAC		Mean		Sigma		Min		Max
0	 9.966288e-06	3.244708e-08	 9.919088e-06	 1.003587e-05
25	 2.194827e-06	2.851639e-08	 2.149014e-06	 2.247577e-06
50	-5.373889e-06	1.286851e-08	-5.398458e-06	-5.351821e-06
75	-1.311221e-05	1.931363e-08	-1.313525e-05	-1.307458e-05
100	-2.099414e-05	2.024059e-08	-2.102554e-05	-2.097032e-05
200	-5.202662e-05	1.203450e-08	-5.204541e-05	-5.200599e-05
300	-8.274712e-05	2.158438e-08	-8.278870e-05	-8.269637e-05
400	-1.139492e-04	2.118466e-08	-1.139857e-04	-1.139014e-04
500	-1.450888e-04	2.134241e-08	-1.451233e-04	-1.450598e-04
600	-1.761729e-04	1.886374e-08	-1.762116e-04	-1.761486e-04
700	-2.068541e-04	1.145978e-07	-2.072782e-04	-2.068022e-04
800	-2.378386e-04	7.105704e-08	-2.380997e-04	-2.377988e-04
900	-2.690883e-04	8.232834e-08	-2.691392e-04	-2.687890e-04
1000	-3.002363e-04	7.531853e-08	-3.002793e-04	-2.999629e-04
4000	-1.231579e-03	9.557257e-08	-1.231917e-03	-1.231487e-03
7000	-2.162947e-03	2.745777e-08	-2.162989e-03	-2.162899e-03
10000	-3.095064e-03	3.073514e-08	-3.095114e-03	-3.095014e-03
13000	-4.026818e-03	2.280838e-08	-4.026870e-03	-4.026783e-03
16000	-4.958175e-03	1.949290e-08	-4.958203e-03	-4.958127e-03
19000	-5.890007e-03	2.249148e-08	-5.890056e-03	-5.889970e-03
22000	-6.822268e-03	2.107447e-08	-6.822299e-03	-6.822220e-03
25000	-7.754755e-03	4.056019e-08	-7.754819e-03	-7.754700e-03
28000	-8.687076e-03	3.448839e-08	-8.687156e-03	-8.687030e-03
31000	-9.619163e-03	5.022863e-08	-9.619251e-03	-9.619107e-03
34000	-1.055064e-02	6.402777e-08	-1.055077e-02	-1.055055e-02
37000	-1.148280e-02	8.417970e-08	-1.148302e-02	-1.148272e-02
40000	-1.241535e-02	1.133647e-07	-1.241565e-02	-1.241523e-02


Channel 5
DAC		Mean		Sigma		Min		Max
0	 1.718005e-05	2.341517e-08	 1.712863e-05	 1.721037e-05
25	 9.328180e-06	1.843111e-08	 9.298547e-06	 9.363381e-06
50	 1.786489e-06	2.022367e-08	 1.752135e-06	 1.838816e-06
75	-6.065019e-06	1.517043e-08	-6.095591e-06	-6.036794e-06
100	-1.382654e-05	1.912835e-08	-1.386213e-05	-1.379114e-05
200	-4.444591e-05	1.716941e-08	-4.449343e-05	-4.442434e-05
300	-7.539828e-05	1.756285e-08	-7.542675e-05	-7.536101e-05
400	-1.067362e-04	2.229890e-08	-1.067751e-04	-1.066916e-04
500	-1.379262e-04	1.851205e-08	-1.379570e-04	-1.378927e-04
600	-1.691282e-04	4.053748e-08	-1.692075e-04	-1.690537e-04
700	-1.997977e-04	2.508901e-08	-1.998359e-04	-1.997608e-04
800	-2.307462e-04	7.941016e-08	-2.310341e-04	-2.306825e-04
900	-2.619936e-04	6.080630e-08	-2.622092e-04	-2.619523e-04
1000	-2.932257e-04	9.324876e-08	-2.935587e-04	-2.931462e-04
4000	-1.225541e-03	2.633426e-08	-1.225589e-03	-1.225496e-03
7000	-2.157691e-03	2.769468e-08	-2.157724e-03	-2.157628e-03
10000	-3.090158e-03	3.658743e-08	-3.090197e-03	-3.090065e-03
13000	-4.022744e-03	3.486329e-08	-4.022794e-03	-4.022664e-03
16000	-4.954760e-03	3.142441e-08	-4.954803e-03	-4.954693e-03
19000	-5.886156e-03	2.630961e-08	-5.886197e-03	-5.886112e-03
22000	-6.818261e-03	2.061003e-08	-6.818292e-03	-6.818212e-03
25000	-7.749984e-03	3.001155e-08	-7.750016e-03	-7.749905e-03
28000	-8.681522e-03	2.446621e-08	-8.681559e-03	-8.681482e-03
31000	-9.613221e-03	2.438798e-08	-9.613261e-03	-9.613183e-03
34000	-1.054406e-02	2.825283e-08	-1.054410e-02	-1.054399e-02
37000	-1.147558e-02	3.826225e-08	-1.147567e-02	-1.147553e-02
40000	-1.240728e-02	4.442222e-08	-1.240739e-02	-1.240722e-02


Channel 6
DAC		Mean		Sigma		Min		Max
0	 1.040094e-05	3.839728e-08	 1.033872e-05	 1.048114e-05
25	 2.665594e-06	2.119794e-08	 2.634952e-06	 2.707436e-06
50	-4.854220e-06	2.624353e-08	-4.913220e-06	-4.812723e-06
75	-1.269038e-05	2.601706e-08	-1.272569e-05	-1.262975e-05
100	-2.060341e-05	1.778648e-08	-2.063183e-05	-2.057867e-05
200	-5.173469e-05	2.796864e-08	-5.177774e-05	-5.169294e-05
300	-8.232836e-05	1.731568e-08	-8.236339e-05	-8.230590e-05
400	-1.134285e-04	2.492957e-08	-1.134786e-04	-1.133930e-04
500	-1.445542e-04	1.550679e-08	-1.445843e-04	-1.445335e-04
600	-1.756880e-04	3.020135e-08	-1.757327e-04	-1.756204e-04
700	-2.069227e-04	6.580242e-08	-2.071437e-04	-2.068685e-04
800	-2.375420e-04	7.645148e-08	-2.378251e-04	-2.375023e-04
900	-2.685273e-04	5.625782e-08	-2.685815e-04	-2.683332e-04
1000	-2.997267e-04	2.457717e-08	-2.997562e-04	-2.996697e-04
4000	-1.231206e-03	4.787187e-08	-1.231265e-03	-1.231045e-03
7000	-2.162769e-03	1.725289e-08	-2.162795e-03	-2.162736e-03
10000	-3.094022e-03	2.747071e-08	-3.094060e-03	-3.093964e-03
13000	-4.025613e-03	2.013444e-08	-4.025649e-03	-4.025568e-03
16000	-4.956760e-03	2.036598e-08	-4.956790e-03	-4.956718e-03
19000	-5.888033e-03	2.015826e-08	-5.888070e-03	-5.887985e-03
22000	-6.819992e-03	1.749463e-08	-6.820020e-03	-6.819969e-03
25000	-7.751374e-03	2.505053e-08	-7.751418e-03	-7.751327e-03
28000	-8.682684e-03	2.356796e-08	-8.682737e-03	-8.682637e-03
31000	-9.614244e-03	2.205811e-08	-9.614282e-03	-9.614210e-03
34000	-1.054547e-02	2.015496e-08	-1.054551e-02	-1.054544e-02
37000	-1.147740e-02	2.122891e-08	-1.147743e-02	-1.147736e-02
40000	-1.240929e-02	1.699673e-08	-1.240932e-02	-1.240925e-02


Channel 7
DAC		Mean		Sigma		Min		Max
0	 1.623753e-05	3.437195e-08	 1.616144e-05	 1.627823e-05
25	 8.424157e-06	1.898450e-08	 8.396041e-06	 8.467574e-06
50	 9.460800e-07	1.008398e-08	 9.308345e-07	 9.649724e-07
75	-6.890094e-06	2.068229e-08	-6.929540e-06	-6.856354e-06
100	-1.484189e-05	1.460923e-08	-1.487977e-05	-1.482411e-05
200	-4.596295e-05	1.941883e-08	-4.599114e-05	-4.593835e-05
300	-7.670023e-05	1.961195e-08	-7.673512e-05	-7.666647e-05
400	-1.079612e-04	2.026205e-08	-1.080148e-04	-1.079322e-04
500	-1.389226e-04	2.352373e-08	-1.389684e-04	-1.388917e-04
600	-1.700806e-04	2.560054e-08	-1.701249e-04	-1.700256e-04
700	-2.012923e-04	3.114403e-08	-2.014010e-04	-2.012572e-04
800	-2.320636e-04	7.341339e-08	-2.323252e-04	-2.319952e-04
900	-2.632831e-04	9.566861e-08	-2.636373e-04	-2.632304e-04
1000	-2.944562e-04	9.637307e-08	-2.948095e-04	-2.944078e-04
4000	-1.227571e-03	3.184309e-08	-1.227677e-03	-1.227533e-03
7000	-2.160405e-03	1.804882e-08	-2.160438e-03	-2.160375e-03
10000	-3.092986e-03	2.676183e-08	-3.093033e-03	-3.092938e-03
13000	-4.025551e-03	1.909229e-08	-4.025580e-03	-4.025516e-03
16000	-4.957983e-03	3.019904e-08	-4.958033e-03	-4.957930e-03
19000	-5.889555e-03	2.232746e-08	-5.889589e-03	-5.889521e-03
22000	-6.821495e-03	2.272972e-08	-6.821522e-03	-6.821432e-03
25000	-7.753627e-03	1.894366e-08	-7.753656e-03	-7.753587e-03
28000	-8.685628e-03	1.119444e-08	-8.685648e-03	-8.685609e-03
31000	-9.617834e-03	1.881064e-08	-9.617889e-03	-9.617808e-03
34000	-1.054896e-02	1.557776e-08	-1.054898e-02	-1.054893e-02
37000	-1.148061e-02	2.091252e-08	-1.148065e-02	-1.148057e-02
40000	-1.241258e-02	3.738092e-08	-1.241266e-02	-1.241253e-02


Channel 8
DAC		Mean		Sigma		Min		Max
0	 1.333719e-05	4.501840e-08	 1.323490e-05	 1.340822e-05
25	 5.569817e-06	2.811055e-08	 5.538855e-06	 5.647608e-06
50	-2.262371e-06	3.081529e-08	-2.311263e-06	-2.200105e-06
75	-9.729107e-06	2.862218e-08	-9.776119e-06	-9.686580e-06
100	-1.754706e-05	2.254895e-08	-1.758864e-05	-1.750333e-05
200	-4.866044e-05	1.275616e-08	-4.868528e-05	-4.864036e-05
300	-7.966038e-05	1.613862e-08	-7.968135e-05	-7.963032e-05
400	-1.104881e-04	4.238210e-08	-1.105739e-04	-1.104155e-04
500	-1.417319e-04	2.885595e-08	-1.417738e-04	-1.416861e-04
600	-1.727612e-04	1.952161e-08	-1.727915e-04	-1.727280e-04
700	-2.039057e-04	9.874651e-08	-2.042588e-04	-2.038320e-04
800	-2.345950e-04	7.082511e-08	-2.348421e-04	-2.345037e-04
900	-2.657371e-04	9.450272e-08	-2.660856e-04	-2.656911e-04
1000	-2.969757e-04	7.492321e-08	-2.972517e-04	-2.969362e-04
4000	-1.228496e-03	2.570568e-08	-1.228535e-03	-1.228450e-03
7000	-2.160331e-03	2.299990e-08	-2.160370e-03	-2.160287e-03
10000	-3.092041e-03	2.494207e-08	-3.092080e-03	-3.091997e-03
13000	-4.024386e-03	1.775938e-08	-4.024419e-03	-4.024358e-03
16000	-4.956136e-03	3.116793e-08	-4.956209e-03	-4.956090e-03
19000	-5.887743e-03	2.403793e-08	-5.887812e-03	-5.887710e-03
22000	-6.819870e-03	2.588917e-08	-6.819907e-03	-6.819816e-03
25000	-7.751704e-03	1.330597e-08	-7.751731e-03	-7.751680e-03
28000	-8.683782e-03	2.167292e-08	-8.683817e-03	-8.683749e-03
31000	-9.615889e-03	2.084163e-08	-9.615934e-03	-9.615859e-03
34000	-1.054739e-02	3.055050e-08	-1.054745e-02	-1.054735e-02
37000	-1.147970e-02	3.732143e-08	-1.147976e-02	-1.147961e-02
40000	-1.241216e-02	5.288982e-08	-1.241230e-02	-1.241208e-02


Channel 9
DAC		Mean		Sigma		Min		Max
0	 1.703006e-05	3.564829e-08	 1.693766e-05	 1.708268e-05
25	 9.295234e-06	1.920729e-08	 9.264102e-06	 9.337726e-06
50	 1.411471e-06	3.676066e-08	 1.368528e-06	 1.490054e-06
75	-6.111643e-06	2.376923e-08	-6.148796e-06	-6.060262e-06
100	-1.399159e-05	2.129953e-08	-1.402988e-05	-1.395781e-05
200	-4.508033e-05	2.029876e-08	-4.513354e-05	-4.503987e-05
300	-7.620548e-05	3.501399e-08	-7.625864e-05	-7.614050e-05
400	-1.071689e-04	1.996264e-08	-1.072058e-04	-1.071374e-04
500	-1.381439e-04	3.107482e-08	-1.382053e-04	-1.380998e-04
600	-1.692910e-04	2.120795e-08	-1.693370e-04	-1.692648e-04
700	-2.003534e-04	9.248112e-08	-2.003998e-04	-2.000146e-04
800	-2.314045e-04	8.822321e-08	-2.317322e-04	-2.313604e-04
900	-2.623224e-04	8.669874e-08	-2.626356e-04	-2.622693e-04
1000	-2.934320e-04	6.747002e-08	-2.936661e-04	-2.933361e-04
4000	-1.226197e-03	1.044731e-07	-1.226574e-03	-1.226118e-03
7000	-2.158588e-03	1.886396e-08	-2.158620e-03	-2.158556e-03
10000	-3.090695e-03	1.963964e-08	-3.090723e-03	-3.090635e-03
13000	-4.023577e-03	4.122922e-08	-4.023613e-03	-4.023463e-03
16000	-4.955969e-03	2.761851e-08	-4.956030e-03	-4.955936e-03
19000	-5.887838e-03	2.835724e-08	-5.887881e-03	-5.887762e-03
22000	-6.820752e-03	1.942118e-08	-6.820787e-03	-6.820727e-03
25000	-7.752732e-03	3.751065e-08	-7.752810e-03	-7.752683e-03
28000	-8.684377e-03	2.055518e-08	-8.684412e-03	-8.684332e-03
31000	-9.616503e-03	3.173011e-08	-9.616556e-03	-9.616457e-03
34000	-1.054787e-02	4.343066e-08	-1.054797e-02	-1.054781e-02
37000	-1.147973e-02	7.037676e-08	-1.147990e-02	-1.147965e-02
40000	-1.241120e-02	8.685620e-08	-1.241140e-02	-1.241110e-02


Channel 10
DAC		Mean		Sigma		Min		Max
0	 1.250138e-05	3.829179e-08	 1.245049e-05	 1.257087e-05
25	 5.069007e-06	2.060220e-08	 5.027518e-06	 5.120040e-06
50	-2.796112e-06	2.482582e-08	-2.841998e-06	-2.739343e-06
75	-1.067752e-05	2.624297e-08	-1.072567e-05	-1.063645e-05
100	-1.821655e-05	2.216168e-08	-1.825210e-05	-1.817245e-05
200	-4.927614e-05	2.050627e-08	-4.933436e-05	-4.924766e-05
300	-8.028672e-05	2.290405e-08	-8.032328e-05	-8.025702e-05
400	-1.115027e-04	1.740822e-08	-1.115321e-04	-1.114712e-04
500	-1.422608e-04	2.009423e-08	-1.423079e-04	-1.422288e-04
600	-1.733953e-04	1.641977e-08	-1.734236e-04	-1.733574e-04
700	-2.044813e-04	7.590652e-08	-2.045466e-04	-2.042105e-04
800	-2.354790e-04	7.551397e-08	-2.355300e-04	-2.352056e-04
900	-2.663664e-04	9.903484e-08	-2.667230e-04	-2.662807e-04
1000	-2.975689e-04	5.446904e-08	-2.977588e-04	-2.975192e-04
4000	-1.229495e-03	8.928954e-08	-1.229822e-03	-1.229447e-03
7000	-2.161001e-03	2.733935e-08	-2.161043e-03	-2.160924e-03
10000	-3.092391e-03	1.915133e-08	-3.092425e-03	-3.092369e-03
13000	-4.024306e-03	2.148633e-08	-4.024333e-03	-4.024264e-03
16000	-4.955817e-03	2.134104e-08	-4.955853e-03	-4.955777e-03
19000	-5.887984e-03	1.897999e-08	-5.888022e-03	-5.887954e-03
22000	-6.820732e-03	2.104345e-08	-6.820758e-03	-6.820664e-03
25000	-7.752476e-03	1.892723e-08	-7.752507e-03	-7.752440e-03
28000	-8.684870e-03	1.586134e-08	-8.684896e-03	-8.684836e-03
31000	-9.617566e-03	2.261327e-08	-9.617608e-03	-9.617527e-03
34000	-1.054907e-02	3.037543e-08	-1.054912e-02	-1.054902e-02
37000	-1.148141e-02	2.578544e-08	-1.148145e-02	-1.148135e-02
40000	-1.241379e-02	3.290390e-08	-1.241384e-02	-1.241373e-02


Channel 11
DAC		Mean		Sigma		Min		Max
0	 1.530797e-05	3.899705e-08	 1.523069e-05	 1.537164e-05
25	 7.857205e-06	2.011102e-08	 7.808639e-06	 7.890900e-06
50	 7.094150e-08	1.562959e-08	 4.573353e-08	 1.124732e-07
75	-7.751240e-06	2.861904e-08	-7.792124e-06	-7.695557e-06
100	-1.544435e-05	2.236788e-08	-1.548169e-05	-1.540706e-05
200	-4.653477e-05	1.558237e-08	-4.655993e-05	-4.651041e-05
300	-7.752967e-05	2.154912e-08	-7.756939e-05	-7.748593e-05
400	-1.086501e-04	2.155207e-08	-1.086893e-04	-1.086112e-04
500	-1.397905e-04	2.429616e-08	-1.398254e-04	-1.397559e-04
600	-1.706414e-04	2.680793e-08	-1.706896e-04	-1.706045e-04
700	-2.017388e-04	4.884176e-08	-2.017772e-04	-2.015682e-04
800	-2.328369e-04	7.114221e-08	-2.328791e-04	-2.325753e-04
900	-2.639831e-04	7.890601e-08	-2.642655e-04	-2.639264e-04
1000	-2.949093e-04	8.355128e-08	-2.952106e-04	-2.948565e-04
4000	-1.228143e-03	3.569102e-08	-1.228204e-03	-1.228082e-03
7000	-2.161099e-03	2.800397e-08	-2.161138e-03	-2.161026e-03
10000	-3.093892e-03	2.695395e-08	-3.093930e-03	-3.093841e-03
13000	-4.026514e-03	2.742554e-08	-4.026561e-03	-4.026455e-03
16000	-4.959272e-03	2.140363e-08	-4.959318e-03	-4.959228e-03
19000	-5.891422e-03	1.467727e-08	-5.891442e-03	-5.891401e-03
22000	-6.824258e-03	2.925945e-08	-6.824300e-03	-6.824214e-03
25000	-7.756744e-03	2.299179e-08	-7.756788e-03	-7.756704e-03
28000	-8.689044e-03	3.705755e-08	-8.689117e-03	-8.688978e-03
31000	-9.621705e-03	3.533585e-08	-9.621795e-03	-9.621661e-03
34000	-1.055335e-02	5.851496e-08	-1.055348e-02	-1.055329e-02
37000	-1.148578e-02	6.731023e-08	-1.148594e-02	-1.148570e-02
40000	-1.241781e-02	8.785341e-08	-1.241801e-02	-1.241771e-02


Channel 12
DAC		Mean		Sigma		Min		Max
0	 1.507103e-05	3.454611e-08	 1.500963e-05	 1.512981e-05
25	 7.246804e-06	1.857099e-08	 7.216596e-06	 7.289224e-06
50	-2.041752e-07	2.502514e-08	-2.494358e-07	-1.578279e-07
75	-8.041659e-06	2.101519e-08	-8.084085e-06	-8.006307e-06
100	-1.590691e-05	1.636230e-08	-1.593605e-05	-1.588065e-05
200	-4.694581e-05	1.490904e-08	-4.697692e-05	-4.692383e-05
300	-7.773181e-05	1.471588e-08	-7.775099e-05	-7.768943e-05
400	-1.088784e-04	2.606128e-08	-1.089304e-04	-1.088311e-04
500	-1.399621e-04	1.740229e-08	-1.399896e-04	-1.399184e-04
600	-1.711150e-04	2.009594e-08	-1.711554e-04	-1.710843e-04
700	-2.017821e-04	1.016369e-07	-2.018538e-04	-2.014168e-04
800	-2.329315e-04	9.046323e-08	-2.329785e-04	-2.326000e-04
900	-2.641412e-04	5.336806e-08	-2.643263e-04	-2.640877e-04
1000	-2.951940e-04	5.969729e-08	-2.953786e-04	-2.951167e-04
4000	-1.227192e-03	9.296728e-08	-1.227526e-03	-1.227096e-03
7000	-2.158957e-03	2.837887e-08	-2.159015e-03	-2.158906e-03
10000	-3.090712e-03	2.584105e-08	-3.090755e-03	-3.090646e-03
13000	-4.022883e-03	2.270976e-08	-4.022919e-03	-4.022821e-03
16000	-4.954736e-03	2.761851e-08	-4.954779e-03	-4.954688e-03
19000	-5.886638e-03	2.080598e-08	-5.886683e-03	-5.886599e-03
22000	-6.819058e-03	1.906830e-08	-6.819083e-03	-6.819014e-03
25000	-7.750853e-03	2.140613e-08	-7.750892e-03	-7.750819e-03
28000	-8.683134e-03	2.155139e-08	-8.683177e-03	-8.683090e-03
31000	-9.615577e-03	3.659120e-08	-9.615654e-03	-9.615516e-03
34000	-1.054764e-02	3.480741e-08	-1.054770e-02	-1.054757e-02
37000	-1.148062e-02	5.200855e-08	-1.148072e-02	-1.148055e-02
40000	-1.241333e-02	7.903305e-08	-1.241352e-02	-1.241323e-02


Channel 13
DAC		Mean		Sigma		Min		Max
0	 1.475440e-05	3.252723e-08	 1.468813e-05	 1.479841e-05
25	 7.238073e-06	1.786499e-08	 7.196094e-06	 7.266646e-06
50	-6.159659e-07	1.436722e-08	-6.412817e-07	-5.941654e-07
75	-8.570043e-06	2.481837e-08	-8.625099e-06	-8.512974e-06
100	-1.638792e-05	1.653922e-08	-1.643383e-05	-1.636837e-05
200	-4.713047e-05	1.336251e-08	-4.715809e-05	-4.710400e-05
300	-7.823928e-05	2.207823e-08	-7.828142e-05	-7.818710e-05
400	-1.094191e-04	1.158657e-08	-1.094462e-04	-1.093969e-04
500	-1.406104e-04	1.315157e-08	-1.406327e-04	-1.405847e-04
600	-1.717616e-04	1.787087e-08	-1.717899e-04	-1.717304e-04
700	-2.025956e-04	5.428857e-08	-2.026526e-04	-2.024042e-04
800	-2.336905e-04	8.107981e-08	-2.337447e-04	-2.333934e-04
900	-2.647569e-04	3.331072e-08	-2.647993e-04	-2.646459e-04
1000	-2.959766e-04	6.800361e-08	-2.962240e-04	-2.959231e-04
4000	-1.228287e-03	3.857057e-08	-1.228409e-03	-1.228238e-03
7000	-2.160634e-03	3.507326e-08	-2.160675e-03	-2.160566e-03
10000	-3.093259e-03	1.777564e-08	-3.093292e-03	-3.093231e-03
13000	-4.025617e-03	2.390779e-08	-4.025655e-03	-4.025578e-03
16000	-4.957981e-03	1.488474e-08	-4.958006e-03	-4.957950e-03
19000	-5.889690e-03	1.977271e-08	-5.889731e-03	-5.889660e-03
22000	-6.821500e-03	2.116748e-08	-6.821531e-03	-6.821468e-03
25000	-7.753527e-03	2.246914e-08	-7.753574e-03	-7.753499e-03
28000	-8.685286e-03	3.088790e-08	-8.685354e-03	-8.685241e-03
31000	-9.617261e-03	2.846487e-08	-9.617307e-03	-9.617217e-03
34000	-1.054904e-02	5.659211e-08	-1.054914e-02	-1.054895e-02
37000	-1.148127e-02	6.697927e-08	-1.148142e-02	-1.148118e-02
40000	-1.241319e-02	7.579505e-08	-1.241339e-02	-1.241309e-02


Channel 14
DAC		Mean		Sigma		Min		Max
0	 1.363057e-05	4.959430e-08	 1.356506e-05	 1.371090e-05
25	 5.800123e-06	3.007163e-08	 5.733963e-06	 5.847838e-06
50	-2.061239e-06	2.309149e-08	-2.100816e-06	-2.019803e-06
75	-9.857544e-06	3.008486e-08	-9.916197e-06	-9.806976e-06
100	-1.735294e-05	3.379359e-08	-1.742848e-05	-1.731389e-05
200	-4.853730e-05	2.444948e-08	-4.859494e-05	-4.850666e-05
300	-7.970758e-05	2.634726e-08	-7.976408e-05	-7.965167e-05
400	-1.108206e-04	3.242001e-08	-1.108829e-04	-1.107696e-04
500	-1.416185e-04	1.946917e-08	-1.416469e-04	-1.415822e-04
600	-1.727232e-04	2.630545e-08	-1.727770e-04	-1.726732e-04
700	-2.037360e-04	3.561207e-08	-2.037767e-04	-2.036254e-04
800	-2.349748e-04	5.673154e-08	-2.350252e-04	-2.347859e-04
900	-2.661367e-04	6.676371e-08	-2.663738e-04	-2.660759e-04
1000	-2.968914e-04	6.194208e-08	-2.971056e-04	-2.968343e-04
4000	-1.228897e-03	9.158952e-08	-1.229224e-03	-1.228798e-03
7000	-2.160412e-03	2.744174e-08	-2.160470e-03	-2.160373e-03
10000	-3.092448e-03	3.715768e-08	-3.092488e-03	-3.092356e-03
13000	-4.023985e-03	2.494581e-08	-4.024027e-03	-4.023936e-03
16000	-4.955350e-03	2.490033e-08	-4.955396e-03	-4.955309e-03
19000	-5.887631e-03	1.698025e-08	-5.887654e-03	-5.887593e-03
22000	-6.819774e-03	3.662215e-08	-6.819857e-03	-6.819732e-03
25000	-7.751991e-03	3.147232e-08	-7.752052e-03	-7.751944e-03
28000	-8.684055e-03	4.537527e-08	-8.684143e-03	-8.683982e-03
31000	-9.616364e-03	4.335876e-08	-9.616453e-03	-9.616307e-03
34000	-1.054775e-02	6.601010e-08	-1.054788e-02	-1.054766e-02
37000	-1.147989e-02	5.725576e-08	-1.148002e-02	-1.147983e-02
40000	-1.241187e-02	8.769645e-08	-1.241213e-02	-1.241180e-02


Channel 15
DAC		Mean		Sigma		Min		Max
0	 1.595745e-05	3.501817e-08	 1.589716e-05	 1.601252e-05
25	 8.244220e-06	3.875370e-08	 8.187109e-06	 8.316003e-06
50	 4.522209e-07	1.745855e-08	 4.123128e-07	 4.776869e-07
75	-7.020816e-06	3.967637e-08	-7.077909e-06	-6.948293e-06
100	-1.491857e-05	2.420456e-08	-1.498166e-05	-1.488436e-05
200	-4.622518e-05	1.525586e-08	-4.624892e-05	-4.619590e-05
300	-7.741273e-05	2.932116e-08	-7.744838e-05	-7.736236e-05
400	-1.085274e-04	2.762231e-08	-1.085810e-04	-1.084809e-04
500	-1.391976e-04	2.285394e-08	-1.392391e-04	-1.391491e-04
600	-1.702368e-04	2.186470e-08	-1.702735e-04	-1.701944e-04
700	-2.013821e-04	7.259597e-08	-2.014371e-04	-2.011197e-04
800	-2.327855e-04	5.533967e-08	-2.328329e-04	-2.325967e-04
900	-2.638935e-04	4.935918e-08	-2.640665e-04	-2.638499e-04
1000	-2.946207e-04	6.491988e-08	-2.948270e-04	-2.945180e-04
4000	-1.227657e-03	2.186931e-08	-1.227699e-03	-1.227621e-03
7000	-2.160008e-03	4.013843e-08	-2.160054e-03	-2.159895e-03
10000	-3.092172e-03	3.143346e-08	-3.092234e-03	-3.092121e-03
13000	-4.024759e-03	3.308333e-08	-4.024814e-03	-4.024703e-03
16000	-4.957667e-03	1.142045e-08	-4.957691e-03	-4.957646e-03
19000	-5.890286e-03	2.975829e-08	-5.890334e-03	-5.890234e-03
22000	-6.822383e-03	2.617089e-08	-6.822429e-03	-6.822332e-03
25000	-7.754415e-03	2.334324e-08	-7.754458e-03	-7.754379e-03
28000	-8.686446e-03	3.088876e-08	-8.686495e-03	-8.686400e-03
31000	-9.618880e-03	2.742861e-08	-9.618950e-03	-9.618849e-03
34000	-1.055092e-02	5.213657e-08	-1.055103e-02	-1.055086e-02
37000	-1.148254e-02	2.334286e-08	-1.148259e-02	-1.148250e-02
40000	-1.241388e-02	6.049426e-08	-1.241400e-02	-1.241382e-02


Channel 16
DAC		Mean		Sigma		Min		Max
0	 1.273684e-05	3.030193e-08	 1.268791e-05	 1.277939e-05
25	 4.959937e-06	2.275194e-08	 4.929509e-06	 5.008078e-06
50	-2.548173e-06	2.077727e-08	-2.588383e-06	-2.512314e-06
75	-1.054944e-05	3.024110e-08	-1.058789e-05	-1.049147e-05
100	-1.828679e-05	2.716397e-08	-1.835823e-05	-1.824515e-05
200	-4.952192e-05	2.635146e-08	-4.956220e-05	-4.947021e-05
300	-7.996570e-05	1.803446e-08	-8.001229e-05	-7.993417e-05
400	-1.112723e-04	1.457990e-08	-1.112918e-04	-1.112397e-04
500	-1.424282e-04	1.812669e-08	-1.424600e-04	-1.424007e-04
600	-1.735045e-04	1.667543e-08	-1.735336e-04	-1.734706e-04
700	-2.046229e-04	6.938920e-08	-2.048695e-04	-2.045696e-04
800	-2.353734e-04	6.531170e-08	-2.355953e-04	-2.352996e-04
900	-2.664400e-04	4.115816e-08	-2.665763e-04	-2.664024e-04
1000	-2.975528e-04	3.658015e-08	-2.976077e-04	-2.974574e-04
4000	-1.229399e-03	6.791485e-08	-1.229476e-03	-1.229193e-03
7000	-2.161027e-03	4.137181e-08	-2.161067e-03	-2.160919e-03
10000	-3.093169e-03	4.329044e-08	-3.093235e-03	-3.093082e-03
13000	-4.025066e-03	3.326393e-08	-4.025121e-03	-4.024999e-03
16000	-4.957014e-03	3.490711e-08	-4.957085e-03	-4.956940e-03
19000	-5.889095e-03	3.263876e-08	-5.889144e-03	-5.889033e-03
22000	-6.821534e-03	2.379972e-08	-6.821588e-03	-6.821489e-03
25000	-7.753968e-03	2.426209e-08	-7.754008e-03	-7.753923e-03
28000	-8.686056e-03	2.492353e-08	-8.686109e-03	-8.686017e-03
31000	-9.618475e-03	4.211804e-08	-9.618560e-03	-9.618417e-03
34000	-1.055043e-02	7.181458e-08	-1.055062e-02	-1.055037e-02
37000	-1.148305e-02	7.624522e-08	-1.148324e-02	-1.148296e-02
40000	-1.241499e-02	1.078888e-07	-1.241527e-02	-1.241485e-02

